990 2566
611 187
622 362
143 354
811 233
777 809
963 383
361 17
89 436
508 320
473 418
368 696
101 312
924 484
525 98
72 790
474 451
384 434
415 63
721 834
817 298
557 679
635 644
643 846
162 846
955 58
558 389
246 347
835 87
306 570
473 314
397 802
473 672
754 755
902 524
637 261
418 508
848 105
646 188
316 695
843 517
820 650
912 411
512 176
306 796
626 617
182 326
458 384
450 828
475 812
480 401
10 430
447 824
763 427
319 704
529 523
951 930
20 295
666 574
59 836
832 298
78 533
723 301
982 255
531 328
702 597
19 910
13 635
97 288
577 395
887 39
943 172
925 881
13 407
894 736
219 654
436 952
937 757
827 114
512 31
147 747
212 451
784 9
182 751
256 588
259 368
149 324
98 54
389 341
198 432
788 109
202 517
97 707
114 812
377 447
622 289
326 276
436 903
401 99
700 513
629 464
133 534
686 322
963 347
965 611
142 138
254 399
143 759
455 908
958 296
798 171
817 725
982 871
661 556
194 403
565 725
476 374
369 738
78 332
374 774
87 717
178 549
882 202
546 488
195 289
491 477
129 232
213 730
873 83
984 106
271 237
274 652
789 608
63 741
745 41
319 721
468 170
14 762
842 404
53 784
711 748
441 579
834 186
768 698
87 714
571 632
813 19
338 253
581 922
357 154
682 828
578 944
26 501
492 371
572 546
812 497
143 419
85 140
145 965
386 124
281 760
363 800
769 232
454 279
310 8
590 309
344 534
187 392
649 691
233 474
766 129
91 411
280 122
706 161
120 964
390 3
481 826
734 595
386 964
320 64
528 677
267 30
394 746
344 273
570 214
609 548
874 119
181 88
200 932
574 907
117 661
387 790
83 541
635 472
448 628
250 483
680 30
311 32
316 173
241 335
243 26
700 990
569 230
959 815
89 833
68 130
683 338
29 561
107 684
551 358
612 708
206 486
979 729
431 882
625 155
437 398
964 804
729 133
414 290
884 551
79 839
885 688
743 785
910 424
73 333
38 39
378 691
155 629
517 436
303 65
88 345
622 300
624 187
515 60
292 99
886 737
81 270
409 137
579 622
433 616
626 601
308 664
636 426
4 804
242 707
103 655
685 150
99 463
501 884
523 567
529 938
314 104
317 13
450 37
694 287
878 726
665 11
836 36
656 253
752 764
472 193
592 917
749 809
460 618
541 68
320 584
212 590
506 946
50 823
968 270
480 557
568 642
877 392
545 358
229 245
598 789
763 58
784 938
398 690
57 569
189 982
494 835
742 631
698 531
236 566
437 339
39 387
577 35
394 952
505 120
15 767
345 44
806 734
703 802
78 718
504 501
123 483
706 620
606 65
627 537
41 436
522 112
776 779
963 395
841 208
990 307
518 12
518 593
250 955
714 433
115 507
872 734
834 397
247 53
767 377
879 590
804 182
388 970
88 849
124 490
380 92
954 226
501 752
45 243
502 28
69 162
287 255
587 486
404 569
919 319
228 850
553 591
395 349
253 481
932 524
275 259
898 985
611 560
209 913
410 818
983 179
586 651
150 637
679 225
404 799
918 730
748 900
344 450
330 246
920 309
645 637
351 129
636 388
908 302
748 480
242 619
695 86
897 27
181 578
75 534
609 806
915 506
590 630
153 426
277 175
779 741
740 24
485 658
416 103
468 670
153 98
793 500
606 452
504 672
375 359
195 462
769 355
772 126
73 740
133 488
317 155
7 628
18 335
318 796
636 97
591 396
210 766
580 777
635 187
727 92
677 871
734 872
109 763
479 450
67 314
74 296
753 552
539 302
777 751
744 43
48 610
584 841
15 102
589 807
864 298
682 225
480 35
318 704
26 710
162 755
289 505
110 222
906 47
875 763
832 444
117 25
155 602
968 54
307 122
165 691
919 660
353 947
217 361
951 978
368 833
534 793
648 856
833 793
834 488
817 352
68 337
840 266
916 28
420 111
929 706
363 839
660 492
493 771
549 181
8 367
577 799
959 188
530 396
412 843
553 565
93 629
497 852
132 176
8 937
481 421
820 520
913 429
821 812
899 37
593 325
523 203
523 327
394 269
394 838
608 615
897 975
458 728
257 424
846 410
904 498
408 631
579 826
655 331
52 71
597 429
212 422
357 425
195 601
290 498
454 395
814 347
873 139
178 956
748 427
127 483
110 98
510 327
934 528
117 488
667 762
135 64
672 751
555 950
239 975
979 451
34 36
699 375
833 187
60 593
477 381
840 142
7 742
856 37
676 425
709 792
167 412
557 329
231 643
586 453
239 148
168 182
685 90
409 743
799 844
382 574
76 906
98 81
762 527
709 426
775 984
805 76
935 984
495 822
335 285
637 3
908 384
736 578
930 732
294 452
456 190
94 958
173 745
409 744
871 872
292 265
152 6
978 293
407 72
242 39
57 399
910 671
721 347
922 236
482 305
51 214
696 103
680 310
3 555
386 417
317 940
283 740
825 438
112 775
386 231
315 378
245 442
529 157
107 373
64 809
446 569
254 972
155 338
373 407
763 492
900 152
519 284
294 588
150 778
544 418
393 588
140 751
930 230
363 210
826 864
613 466
134 867
454 635
614 878
464 230
195 685
52 501
227 663
35 170
218 342
422 675
923 228
634 708
209 972
123 221
418 913
341 509
288 231
342 942
881 770
477 717
461 531
669 132
65 459
505 252
287 742
662 632
882 514
187 600
513 435
622 576
241 890
705 833
687 443
729 753
159 900
989 746
593 660
741 654
134 377
839 982
164 240
277 281
813 311
373 789
983 822
430 690
58 229
596 838
872 796
154 688
136 324
123 124
985 329
987 13
234 959
879 571
236 591
147 988
403 147
338 869
546 564
328 754
41 434
408 245
624 170
73 893
989 788
573 255
405 776
278 526
531 877
731 904
826 435
38 304
3 366
908 910
931 631
470 282
256 199
475 973
920 110
647 592
45 104
804 235
698 431
827 919
793 747
315 981
361 60
940 109
868 565
406 348
305 421
806 264
248 623
603 870
90 369
807 448
113 48
290 302
489 596
986 823
552 246
679 376
976 188
186 831
501 767
446 80
339 429
584 305
752 659
140 424
842 572
630 852
244 374
429 590
948 843
60 673
560 84
889 744
303 954
324 349
443 242
137 931
411 627
46 333
843 947
821 388
142 58
681 594
258 120
364 798
140 641
456 289
953 101
498 369
334 251
728 845
287 707
842 253
399 261
384 445
636 546
158 739
727 70
505 566
218 431
771 985
853 345
121 211
363 736
220 334
593 439
779 652
410 658
450 494
662 91
865 77
280 709
963 50
815 906
814 571
946 688
622 53
254 596
366 521
648 335
743 803
563 393
694 347
183 791
95 812
499 674
857 21
71 578
311 516
294 850
723 700
723 243
924 816
378 931
507 198
394 220
399 860
517 724
865 403
575 564
391 944
635 194
651 601
31 97
839 131
416 571
148 790
55 554
645 11
367 675
8 64
959 464
962 468
526 717
198 770
435 941
690 163
791 109
372 717
286 954
447 242
752 598
271 478
499 143
707 425
75 582
820 200
398 716
142 297
736 712
202 834
59 768
498 960
944 773
489 205
66 543
239 860
222 305
265 819
978 597
624 679
548 608
99 781
643 809
952 781
57 180
140 58
245 333
763 640
584 675
252 273
308 483
661 988
21 279
118 462
722 246
765 621
548 67
395 719
521 199
693 763
752 862
841 936
37 280
58 66
554 103
777 688
870 920
339 749
138 823
565 561
674 654
509 336
608 28
772 893
459 772
741 336
5 843
615 940
908 967
671 165
144 796
703 788
207 339
834 810
691 683
199 719
457 715
98 446
728 420
466 135
170 265
327 657
5 963
962 743
341 789
791 233
851 66
944 736
284 526
491 947
560 976
278 887
890 90
40 453
603 978
414 343
877 101
757 703
593 694
79 329
945 464
232 5
652 487
214 149
503 79
362 831
200 46
143 342
143 781
572 145
756 99
43 392
723 807
279 349
711 548
767 22
332 938
242 245
81 238
796 600
280 601
654 241
248 480
34 60
162 105
978 336
200 705
668 675
117 419
872 286
818 966
820 83
822 331
325 289
290 261
241 369
869 522
17 928
68 318
171 769
617 804
228 472
85 774
447 355
274 700
677 296
186 564
349 929
635 434
817 299
375 8
692 510
531 517
932 439
809 702
816 501
129 831
985 554
967 654
269 951
810 16
225 398
278 752
870 565
637 321
87 175
974 40
373 825
542 417
945 339
361 833
94 552
609 772
319 162
243 364
988 198
40 270
629 212
443 788
906 106
118 603
621 623
656 637
783 95
144 151
201 285
193 11
822 899
959 524
958 354
342 459
105 413
965 468
327 959
75 719
740 97
428 655
341 154
566 120
108 64
934 385
77 101
776 649
582 783
245 676
268 809
159 244
767 867
839 662
751 37
556 392
553 640
303 67
342 118
897 495
81 268
599 667
741 931
571 832
614 870
247 40
34 407
17 693
587 218
328 168
295 977
940 855
447 673
16 432
190 730
737 794
665 723
491 314
227 405
490 961
415 473
898 859
853 421
373 788
584 364
359 172
87 854
127 261
272 701
75 355
773 697
886 617
860 4
524 625
887 271
622 584
606 544
940 155
138 336
428 780
604 661
695 387
497 311
867 432
10 859
563 468
589 951
553 225
912 581
150 17
321 882
323 114
822 72
310 156
403 481
278 256
273 713
212 599
351 437
198 925
548 901
823 854
990 706
536 837
773 563
163 206
858 714
217 693
403 882
264 151
528 265
214 529
869 539
94 636
421 634
748 353
282 866
198 718
514 199
953 861
85 745
266 908
252 788
473 545
167 907
505 555
702 834
102 137
861 910
799 886
269 368
305 332
107 605
494 758
423 308
885 633
639 19
345 728
458 402
527 634
926 595
822 863
475 279
278 822
27 344
641 871
765 544
107 93
833 605
260 543
946 852
817 548
269 140
911 877
183 380
421 465
704 525
133 493
983 686
107 974
936 891
4 769
794 562
517 852
345 927
861 447
918 723
890 491
411 958
784 889
305 237
345 451
18 116
420 678
645 169
171 644
192 783
677 717
453 590
648 897
761 948
501 625
279 838
948 858
808 771
272 656
664 178
314 826
872 138
824 899
315 476
640 90
165 124
793 710
339 729
931 51
747 789
434 776
187 541
973 662
868 103
719 693
190 640
808 778
256 12
590 59
195 633
908 938
806 755
238 970
258 841
580 882
928 18
985 39
820 752
986 953
792 577
356 203
819 168
289 92
320 86
603 716
920 880
24 186
45 358
40 619
498 79
213 677
966 301
551 107
58 147
354 359
94 338
987 431
350 694
831 141
211 864
396 681
285 45
900 668
522 4
5 816
805 393
155 408
853 97
57 256
522 346
462 265
47 15
819 222
505 810
548 394
454 7
455 801
518 956
177 568
197 303
77 320
788 563
845 73
367 334
668 710
202 355
266 805
74 742
506 20
87 138
271 532
402 878
148 193
68 120
603 168
846 486
603 46
35 378
918 99
98 93
99 913
664 323
791 320
280 802
547 575
791 433
6 907
742 385
210 238
34 781
515 988
109 733
848 782
541 656
229 419
375 132
565 569
185 658
419 407
610 437
593 606
464 918
539 943
839 540
329 709
111 645
37 957
42 745
41 615
83 818
582 198
692 981
906 962
592 663
719 444
738 576
976 315
575 493
928 458
266 215
5 42
914 919
957 189
888 156
872 54
526 146
554 756
846 21
499 960
261 481
944 664
905 981
854 469
144 779
397 119
109 98
551 15
330 487
118 464
277 125
158 138
377 334
511 675
630 970
205 330
630 96
522 169
336 76
574 968
502 407
216 658
603 14
606 578
610 939
726 265
958 828
832 523
905 533
677 215
971 876
73 697
331 682
368 484
281 420
524 288
302 691
11 255
405 966
956 302
208 444
377 22
69 765
39 207
110 593
619 827
851 261
573 104
702 462
926 120
50 39
288 235
825 899
950 744
352 926
546 839
328 960
820 377
983 762
783 802
557 603
318 668
362 704
282 558
688 613
873 559
748 941
269 484
195 429
234 979
950 368
473 620
296 552
8 18
720 79
675 100
219 765
956 657
479 841
192 846
67 500
253 890
466 305
609 796
848 633
978 277
503 196
460 389
473 17
238 478
574 596
683 585
61 810
427 448
308 946
490 680
849 974
421 652
939 880
448 821
897 59
56 261
989 341
313 666
892 506
147 543
602 819
813 333
559 281
179 276
896 551
886 902
559 83
887 678
619 608
985 572
205 943
383 530
934 420
60 509
888 80
798 477
139 445
51 226
966 66
241 602
758 383
478 632
233 443
360 205
664 848
185 294
158 94
757 682
879 496
354 294
778 328
782 196
977 87
971 630
920 154
122 389
792 973
83 589
194 334
63 667
595 848
977 765
267 342
107 407
736 784
58 689
634 179
552 11
503 542
144 656
506 913
37 230
457 821
459 9
574 471
244 926
703 250
778 114
834 119
601 864
539 621
972 201
677 188
673 694
84 611
694 236
919 884
81 374
357 168
429 551
103 534
567 984
493 438
368 623
560 95
872 780
373 918
944 254
102 714
175 575
969 695
289 131
137 952
924 204
525 138
13 118
384 820
756 53
22 140
258 789
727 500
162 460
10 715
407 761
326 877
253 947
880 510
737 14
540 757
83 770
83 697
212 614
853 976
508 615
625 849
368 935
745 833
434 379
753 31
3 553
135 107
709 311
374 817
505 924
287 828
365 482
901 560
961 251
235 773
536 375
873 293
239 68
637 222
727 676
231 789
72 685
125 232
452 403
880 68
473 562
258 267
295 71
943 157
451 691
89 706
294 311
146 190
183 199
973 192
722 448
62 378
707 44
397 463
698 252
679 505
167 851
3 754
25 283
10 154
565 588
286 103
805 419
717 257
185 331
355 23
453 879
296 28
612 245
42 2
65 158
661 315
55 604
593 736
10 837
746 687
69 591
837 922
677 256
225 541
717 244
133 3
314 479
47 973
67 460
784 31
243 570
860 151
700 809
96 460
904 544
301 217
191 910
654 871
950 206
533 862
358 411
679 677
22 615
157 299
396 700
575 19
741 231
661 804
176 156
107 948
606 837
712 886
967 432
167 982
421 919
98 612
544 284
670 332
701 273
740 432
528 768
287 308
570 723
770 969
428 219
398 980
549 674
755 613
866 790
500 709
907 399
505 67
692 849
50 692
141 384
116 198
330 613
517 159
319 235
7 806
725 151
727 247
964 219
822 356
644 867
187 837
798 397
284 728
359 14
107 49
43 824
551 751
326 221
739 225
759 226
281 295
873 477
430 282
748 881
88 877
665 572
945 134
78 85
406 109
236 114
814 787
636 330
656 477
951 788
558 803
124 787
505 279
513 149
699 283
458 593
774 715
690 506
140 338
783 392
400 175
382 94
275 311
257 320
828 648
209 530
140 878
551 859
719 545
978 80
65 520
464 608
374 231
911 814
952 746
258 39
875 912
481 739
676 394
638 73
183 449
846 975
84 175
873 468
688 616
527 33
749 145
101 893
229 798
750 464
485 233
150 112
687 331
33 681
684 579
427 554
211 499
493 955
208 821
915 789
36 349
4 105
414 709
481 652
709 812
467 465
964 334
857 652
342 494
256 842
684 496
742 591
854 960
527 273
159 893
552 642
627 198
438 822
850 923
587 852
108 75
456 497
129 445
40 187
386 987
812 483
650 386
672 981
123 526
987 408
645 88
558 780
923 708
620 522
306 807
866 861
759 656
427 862
33 699
470 976
865 616
275 153
614 438
317 302
246 764
585 140
269 86
390 170
293 261
386 978
298 848
651 265
852 193
796 726
397 295
327 42
555 376
955 546
499 756
483 293
466 279
785 732
786 176
458 166
558 717
498 705
210 784
563 377
638 574
846 812
939 135
208 907
579 449
873 911
385 103
571 691
176 919
512 445
184 648
591 898
405 155
952 405
210 197
513 264
329 944
844 286
960 291
819 232
177 357
592 580
458 274
981 777
339 322
506 363
235 603
809 83
909 56
711 289
604 810
403 696
464 570
467 950
711 182
362 182
231 294
935 99
829 423
423 256
212 415
93 514
253 320
43 373
460 669
279 486
616 372
503 537
446 124
64 13
748 95
225 500
589 616
254 638
542 934
946 928
655 824
309 854
145 733
625 896
149 765
9 683
319 823
802 691
344 587
664 746
793 381
922 757
282 852
603 338
462 898
788 523
330 120
372 136
376 203
179 885
990 858
314 442
778 461
701 337
78 73
262 858
469 885
491 414
57 338
292 786
560 514
5 568
51 876
531 566
330 99
264 56
467 70
948 575
31 601
719 380
388 759
212 904
820 847
488 464
309 856
555 551
960 858
25 836
779 648
602 764
53 644
477 856
666 10
760 790
373 103
637 80
767 363
345 592
648 822
597 381
983 910
749 669
492 61
936 923
920 256
426 130
263 580
448 864
74 912
199 966
868 557
922 8
244 327
92 454
534 149
934 782
459 746
32 467
934 761
581 610
515 559
806 585
425 660
479 883
711 580
373 246
915 374
383 948
906 578
480 802
579 549
268 815
505 747
603 244
215 650
529 30
724 349
373 105
762 453
72 732
457 390
361 289
190 60
17 711
74 153
176 768
373 848
486 922
569 476
326 883
689 829
378 610
548 858
45 503
827 350
479 166
242 351
244 594
298 221
355 625
167 909
212 48
971 683
148 792
348 253
3 119
439 669
613 242
371 763
319 566
264 104
312 139
354 977
138 779
117 601
215 252
309 375
610 417
432 473
432 878
41 375
478 704
659 69
143 907
594 691
793 468
387 477
393 167
817 180
512 235
932 707
554 378
919 365
445 283
207 26
669 646
466 96
603 276
70 925
130 139
702 584
795 80
7 798
945 22
453 503
256 130
664 63
521 410
811 263
649 96
119 816
11 606
558 615
471 247
128 775
36 432
699 80
954 712
629 799
667 139
389 566
303 16
505 841
641 479
278 923
245 348
308 472
212 545
376 986
988 734
990 414
187 95
527 475
514 60
977 967
611 769
377 781
160 332
237 340
384 765
152 830
389 575
428 526
158 533
790 976
595 793
407 11
929 349
17 718
409 663
954 565
557 760
635 248
800 344
855 72
644 990
772 908
646 536
404 211
906 246
138 259
321 596
658 480
17 488
91 353
143 344
459 863
738 690
212 381
359 766
515 169
528 884
257 189
556 777
279 25
154 239
909 758
265 416
748 238
424 270
235 965
523 924
478 898
274 763
651 145
68 184
546 978
691 231
305 864
927 581
252 534
733 645
40 926
402 285
775 639
152 780
466 618
32 317
452 719
532 250
898 70
166 742
814 409
745 118
604 354
804 108
128 295
612 853
719 83
385 832
118 288
873 557
219 504
113 743
873 272
729 417
506 49
622 302
308 178
684 931
149 147
577 277
869 906
109 8
251 629
609 164
771 213
494 268
441 640
596 828
811 689
32 701
944 163
16 726
385 92
728 564
182 951
400 938
951 234
297 99
688 311
923 845
29 694
969 68
734 958
148 559
276 17
540 88
415 873
469 961
329 744
878 562
274 27
374 201
3 62
884 349
703 827
29 984
359 459
325 636
423 888
81 806
939 875
525 238
964 881
472 538
570 648
664 803
330 501
104 165
768 374
344 241
172 153
585 189
435 355
19 173
612 671
704 706
246 382
176 593
466 192
639 765
125 776
966 838
844 391
609 603
851 335
742 921
836 716
963 531
158 382
1 395
265 65
681 148
888 275
698 614
665 384
370 134
891 159
121 840
784 77
577 471
957 638
317 458
335 830
67 11
215 901
609 425
921 418
382 800
711 174
768 213
297 86
924 582
637 929
841 164
184 11
863 128
594 916
359 353
842 326
475 966
334 120
149 990
650 533
465 918
138 154
674 56
88 139
434 907
458 703
7 33
282 119
123 915
491 256
591 359
647 209
499 320
964 544
862 757
550 246
923 966
752 928
90 324
550 461
441 99
832 226
469 539
823 107
715 930
645 173
649 170
761 173
905 715
266 148
484 547
655 777
162 536
643 817
387 665
905 385
890 193
502 726
984 134
896 210
53 643
457 266
554 693
25 385
174 290
201 320
247 333
96 980
831 708
70 660
75 949
61 516
684 779
551 225
682 429
21 578
434 82
288 841
695 219
165 541
212 566
517 181
928 731
19 645
102 502
90 140
807 814
580 338
605 651
37 506
819 213
311 970
410 351
525 945
123 42
624 794
400 665
572 282
946 874
581 926
30 949
712 526
592 829
668 610
88 620
106 263
897 702
25 491
979 102
303 446
162 660
767 538
292 823
107 181
702 144
209 431
147 762
808 216
739 116
874 601
345 864
327 671
883 685
644 757
630 120
381 502
675 665
489 449
487 634
56 145
41 102
80 247
26 482
151 372
541 780
174 207
603 939
378 945
662 575
990 88
523 516
523 971
581 112
838 711
949 183
861 384
6 472
36 770
892 364
807 349
792 157
831 4
245 417
409 792
102 959
412 355
435 130
574 179
921 183
553 520
506 245
452 924
58 375
148 34
132 164
985 398
34 921
394 568
308 978
147 801
331 12
299 103
270 356
606 2
702 790
739 232
421 553
768 157
435 139
860 563
39 565
244 569
636 983
860 674
624 272
980 235
575 596
144 563
74 356
370 967
679 122
402 552
97 333
835 62
856 217
583 787
658 947
37 310
699 543
645 252
632 927
781 801
839 461
603 756
790 538
611 43
480 657
64 166
816 27
231 266
179 586
111 655
98 477
529 714
982 561
292 493
989 641
702 458
574 415
45 158
504 726
33 574
470 597
804 384
110 572
900 356
610 467
188 368
667 152
380 758
533 575
24 609
403 631
633 744
80 74
432 779
968 610
146 537
418 210
573 874
524 101
635 295
216 749
733 185
880 595
812 373
668 146
447 840
981 85
68 645
126 884
107 737
75 54
166 448
705 552
722 390
117 202
228 451
391 828
864 353
153 132
62 387
891 860
35 168
848 378
940 170
229 584
52 410
721 780
516 712
816 887
322 429
558 212
595 190
45 854
816 24
840 941
198 171
200 869
286 750
619 979
833 389
634 350
871 962
984 76
730 623
681 209
264 23
381 491
295 933
758 614
745 325
748 822
880 720
276 810
578 895
499 359
528 439
731 458
371 227
223 739
186 973
905 460
933 917
837 671
217 574
107 299
513 556
182 726
972 698
662 17
275 941
386 276
315 621
66 150
433 697
32 286
406 695
590 823
594 202
832 763
687 845
573 654
393 463
803 42
533 157
842 985
954 66
807 740
791 174
82 978
266 567
964 897
641 52
536 297
959 654
690 398
749 421
871 491
628 807
979 916
746 572
7 836
52 940
380 75
612 367
610 813
943 875
196 684
767 87
879 873
588 957
95 159
656 703
424 105
706 323
910 276
221 326
222 364
538 754
616 151
85 513
823 425
914 391
839 116
130 41
304 823
250 965
709 511
717 275
42 86
944 871
105 187
50 803
306 108
731 334
645 493
855 764
381 826
679 375
722 461
372 313
502 685
485 433
91 339
942 379
423 304
873 389
913 719
742 581
203 650
206 674
168 258
117 955
933 610
154 662
830 594
300 150
871 201
