1000 9881
270 447
628 552
578 660
696 855
532 197
773 189
846 925
650 136
377 958
213 288
130 820
534 782
482 259
617 452
344 994
901 170
939 363
48 840
913 340
625 66
166 184
853 82
854 245
161 57
285 518
735 18
153 664
544 71
598 270
654 12
213 868
416 714
390 27
39 1000
278 288
120 596
299 775
908 943
748 46
131 94
259 149
316 450
136 680
148 763
809 199
387 377
45 781
819 282
639 85
487 440
932 27
645 762
317 601
88 447
362 34
804 93
129 315
3 438
392 907
488 596
713 29
174 412
927 38
470 567
978 304
129 109
521 803
522 460
171 758
449 968
485 26
840 231
29 893
105 15
949 828
508 220
897 145
267 953
108 873
548 542
368 966
384 891
630 994
561 925
416 332
843 631
792 151
132 408
703 963
51 616
109 482
327 303
789 758
186 541
260 484
426 12
726 147
936 670
40 646
518 367
833 351
762 623
856 744
678 865
494 582
904 190
249 385
661 782
222 460
429 526
28 378
658 4
253 777
937 203
97 934
743 555
305 657
505 181
92 639
994 31
758 44
464 802
874 569
984 25
468 170
731 868
308 979
24 886
546 597
992 788
434 857
254 302
59 332
488 658
491 793
20 593
554 521
996 842
386 393
871 58
413 638
287 69
555 829
275 183
791 341
597 550
770 464
366 561
665 190
611 726
650 554
229 327
943 767
747 278
976 564
25 136
888 160
561 78
393 684
819 818
968 88
915 563
788 291
402 546
594 14
613 306
814 763
284 211
185 195
64 832
124 432
916 913
4 528
497 194
738 751
284 288
780 669
488 411
307 577
424 931
575 168
961 30
765 298
860 514
973 285
614 929
52 90
697 427
189 351
714 750
915 461
48 476
276 657
406 704
251 379
235 670
307 61
810 172
408 996
635 465
239 943
877 317
706 380
429 899
86 665
678 254
3 50
633 865
246 220
783 529
566 899
773 501
848 589
1000 895
14 577
115 512
656 134
468 428
895 455
112 510
224 152
850 324
304 288
175 551
931 925
89 802
79 187
616 973
211 371
913 523
698 867
625 769
337 185
788 336
8 770
978 194
671 229
450 491
95 527
288 553
254 913
275 748
877 425
8 913
206 980
369 767
584 36
432 817
416 406
270 561
953 369
702 532
495 510
157 129
905 619
567 346
815 149
609 576
494 194
696 700
808 918
200 523
953 83
722 624
869 495
393 132
32 324
855 844
706 563
368 748
356 261
878 390
492 325
610 608
277 927
796 397
355 71
679 681
622 907
164 551
570 558
735 168
811 328
635 12
782 123
211 800
486 972
222 388
114 565
173 704
744 644
770 607
130 661
518 992
98 1
304 640
801 572
930 920
606 185
553 51
905 590
909 46
199 658
829 247
357 534
908 234
165 671
818 251
487 484
418 749
261 865
814 119
282 268
211 414
61 653
5 147
620 834
90 725
516 517
611 641
894 48
676 963
237 755
400 718
480 380
505 104
229 415
728 530
555 547
955 269
133 601
23 725
997 922
608 215
55 676
149 303
229 113
674 478
99 400
185 251
955 491
59 542
372 591
212 804
376 650
655 922
638 870
552 909
419 694
556 941
78 409
25 531
156 291
254 766
536 129
20 274
630 673
578 260
7 628
122 632
928 315
964 553
656 874
109 398
686 967
742 738
146 43
94 397
422 132
743 800
657 957
476 524
948 212
640 653
36 526
863 475
61 973
675 849
491 496
493 674
317 148
924 508
800 178
714 792
606 266
882 594
539 223
614 817
800 972
924 275
183 764
844 538
370 933
387 491
939 822
799 534
830 556
671 744
586 48
73 67
295 708
330 823
569 958
583 413
509 304
205 727
153 68
283 985
380 579
841 983
20 668
528 167
267 77
884 66
462 408
138 498
529 515
987 331
290 25
577 799
119 580
263 302
357 95
434 217
439 617
388 525
972 707
518 179
133 863
765 952
360 107
416 333
634 917
734 861
439 898
831 25
372 722
174 481
432 551
342 62
310 536
973 376
351 420
647 763
65 859
851 804
130 793
609 874
619 532
501 504
561 719
160 32
507 859
125 648
200 801
934 508
497 353
100 986
235 693
327 221
829 379
795 823
616 376
544 428
202 153
648 51
23 405
409 481
27 36
624 946
612 573
511 102
916 812
956 977
259 99
192 14
583 210
638 964
173 298
527 571
715 299
148 664
866 949
944 535
447 940
12 127
605 344
715 696
439 24
576 66
634 312
463 406
11 817
763 660
802 540
440 965
821 701
787 517
927 981
58 823
68 196
31 464
793 46
456 190
111 870
538 804
333 232
963 305
927 170
250 914
290 61
54 2
293 842
512 814
870 416
546 362
905 626
172 840
341 975
768 79
897 357
418 328
919 1000
902 254
870 523
816 891
981 543
671 439
161 42
293 573
873 783
431 675
125 586
475 551
967 834
436 186
238 778
242 89
521 244
173 825
872 192
484 654
303 202
179 344
787 153
939 863
887 24
619 678
47 209
48 785
415 925
39 106
330 871
190 715
122 5
123 292
398 788
274 350
282 885
28 273
265 609
490 752
770 990
684 888
5 623
430 20
468 207
269 938
577 272
127 74
794 790
667 251
578 431
923 149
529 254
343 638
315 197
410 235
279 358
466 427
103 34
591 65
876 354
453 191
185 689
59 216
442 192
280 667
119 968
376 68
710 985
113 680
145 535
352 61
227 879
362 906
913 522
291 394
422 864
793 76
633 269
927 249
806 593
851 307
724 547
146 418
61 923
864 166
918 583
725 875
894 326
841 602
972 692
114 140
613 166
543 335
655 897
507 455
578 417
717 72
635 816
234 644
204 137
574 674
703 26
63 443
163 673
469 949
434 504
807 953
60 514
186 837
136 114
455 483
203 10
95 8
227 384
193 16
271 509
368 90
44 925
728 266
640 960
765 515
323 375
965 692
322 598
104 557
644 927
59 425
421 258
486 872
110 964
199 653
825 469
974 557
773 590
188 226
909 190
843 390
112 396
370 864
188 849
260 678
357 614
585 195
914 679
638 243
240 544
654 884
542 755
942 169
121 291
162 743
144 294
276 355
757 374
975 419
79 158
870 191
250 744
949 516
883 256
495 206
347 800
645 137
183 381
483 543
484 300
747 622
90 871
915 618
111 15
383 874
99 975
523 81
547 855
877 580
345 595
769 497
458 850
427 85
932 672
382 88
333 355
445 937
851 666
820 843
473 416
440 23
464 365
329 341
177 840
53 213
365 35
458 391
366 260
800 870
327 107
403 363
441 540
388 509
47 117
781 578
912 767
855 945
687 872
190 816
192 926
984 225
967 40
865 546
353 502
959 580
853 449
628 839
947 30
620 712
852 863
553 46
3 13
494 996
563 69
469 554
474 836
933 347
93 238
576 200
44 566
795 406
724 48
637 977
124 772
213 565
396 507
454 321
784 20
508 538
399 677
127 864
597 512
694 442
876 569
326 542
898 183
537 493
785 979
392 796
512 573
841 935
769 130
21 53
812 224
723 327
797 596
524 172
836 238
506 777
582 510
146 934
629 945
447 476
788 115
38 747
167 973
594 443
461 240
246 846
30 95
4 574
388 925
635 538
726 439
908 250
730 826
569 376
570 163
826 265
665 653
817 634
541 763
289 161
218 249
434 956
826 504
795 635
885 923
726 145
964 526
693 72
604 565
643 703
238 879
440 162
522 864
768 416
492 142
679 186
463 575
216 248
715 238
990 804
587 946
512 42
887 420
49 936
909 258
730 481
144 900
878 665
494 678
135 702
669 642
504 930
321 828
201 838
113 434
595 728
477 124
403 835
102 401
874 438
486 816
692 635
2 331
568 585
951 734
642 670
210 814
743 152
581 555
840 585
14 538
845 712
760 288
687 305
876 398
366 722
510 148
743 126
547 211
430 949
767 884
70 492
22 259
210 227
673 665
619 325
395 447
215 278
278 616
889 591
750 520
551 617
73 698
113 581
125 527
721 774
208 351
975 697
987 199
626 957
348 411
594 415
219 494
419 736
773 465
96 595
635 550
1000 233
727 14
181 934
721 177
506 737
986 55
308 95
238 152
166 834
40 612
293 286
590 476
459 106
186 942
264 108
764 471
431 384
511 854
227 103
156 953
708 766
108 418
164 412
146 131
354 126
448 487
213 794
948 419
623 739
295 984
22 880
669 140
120 654
796 879
636 622
640 771
787 596
853 236
114 832
478 481
49 263
675 727
213 636
35 372
255 145
499 355
232 870
932 93
951 339
760 316
7 283
979 26
129 841
567 867
235 506
127 824
228 577
729 752
804 230
220 509
375 664
810 915
106 500
768 671
951 230
154 526
305 426
604 10
881 907
76 627
480 688
152 402
526 264
695 387
642 525
773 309
104 26
546 81
405 791
62 136
578 318
854 403
52 137
78 605
317 315
509 936
252 336
146 453
113 583
180 417
294 85
705 850
339 588
195 528
568 86
454 783
865 660
995 57
43 740
248 658
673 301
933 243
421 47
297 81
316 219
99 221
815 243
653 756
467 353
662 481
144 810
36 714
148 908
773 683
316 74
407 125
243 171
748 197
19 621
416 50
169 312
832 232
904 805
282 249
729 720
857 843
14 688
21 258
520 789
723 878
823 475
145 720
843 441
404 571
542 911
679 996
774 660
780 61
908 458
175 167
117 430
438 602
3 492
854 785
840 383
751 395
805 559
97 836
367 402
547 120
822 418
695 80
737 346
993 944
775 24
884 270
834 615
871 512
712 151
851 556
708 227
345 451
471 263
916 496
954 815
8 749
996 166
815 738
419 777
170 129
638 660
925 495
859 279
26 832
294 617
726 229
599 361
584 542
640 272
18 220
687 762
818 631
691 767
375 382
251 180
571 917
204 838
978 881
139 769
30 990
369 914
813 833
123 751
730 445
199 850
457 311
4 332
922 715
631 464
529 411
109 609
993 310
666 724
936 254
80 873
249 38
212 158
398 751
813 756
598 606
876 276
514 307
897 469
292 165
135 793
149 753
395 180
292 820
986 759
25 407
244 13
228 650
120 19
852 332
175 729
179 666
717 652
849 578
870 892
249 610
766 25
896 413
384 161
93 849
96 251
974 202
723 326
335 916
11 66
621 879
915 536
698 136
419 489
206 995
172 215
64 968
537 561
436 876
261 263
778 179
429 85
506 1000
622 410
569 270
988 704
238 419
350 697
828 889
902 16
959 449
980 940
693 181
398 339
492 602
54 497
437 503
385 580
117 835
636 417
999 558
829 550
965 14
426 11
964 527
345 249
151 911
317 355
35 910
74 616
613 839
682 107
477 637
208 734
526 792
892 360
514 800
207 517
528 908
378 85
112 9
279 9
14 154
216 23
517 906
576 823
799 615
107 159
205 774
387 457
631 704
559 39
118 829
546 962
566 568
678 435
330 261
903 602
117 251
376 443
429 207
912 55
111 541
245 295
103 137
505 650
253 892
288 864
788 601
700 189
281 25
340 572
567 143
469 912
1 234
718 265
116 91
818 483
608 947
491 713
559 968
621 851
819 823
163 827
225 598
104 769
836 82
674 405
747 553
215 119
132 601
80 164
634 877
376 597
341 973
214 309
287 555
402 707
898 732
114 249
81 384
872 405
621 518
68 666
696 675
34 790
199 432
915 131
238 46
864 617
773 353
117 807
981 654
123 250
985 715
379 84
997 404
798 863
257 452
730 49
238 776
132 157
939 295
834 19
821 791
604 649
678 896
751 714
496 246
904 93
895 575
967 98
873 100
498 687
250 60
770 557
737 550
679 601
468 90
749 311
53 704
719 483
984 504
330 214
224 445
39 770
959 343
944 934
784 959
452 709
93 213
495 609
187 400
408 419
46 85
712 593
857 520
109 923
310 350
150 247
7 282
802 574
784 93
396 275
723 32
484 468
546 571
305 207
396 738
989 317
556 384
432 214
494 106
335 659
385 192
862 204
634 943
48 6
105 59
668 872
85 650
600 866
837 667
474 403
665 298
150 674
328 756
437 446
366 12
955 561
100 88
975 842
424 770
398 267
881 325
823 638
20 377
313 241
497 124
460 64
298 103
206 612
100 47
380 303
939 895
441 661
212 592
511 740
169 867
795 979
354 289
952 246
311 653
661 722
994 369
42 130
170 351
100 924
709 778
963 534
714 912
494 254
311 546
631 459
485 983
292 349
790 564
174 857
1000 928
314 612
867 336
296 950
705 270
227 606
835 927
140 127
487 400
899 506
224 200
598 674
876 320
400 803
954 406
610 372
349 448
542 753
559 317
430 899
538 120
816 362
874 48
870 513
751 394
715 928
521 779
974 239
902 376
619 268
33 737
505 924
289 863
534 343
333 174
832 627
906 966
251 557
505 781
767 621
54 200
544 834
449 514
130 174
842 775
437 97
648 736
810 860
506 580
327 694
826 371
811 237
209 275
750 402
76 197
494 332
412 199
341 231
802 347
363 627
623 241
769 514
223 200
78 702
155 367
57 720
513 517
94 368
114 370
761 661
674 164
606 495
293 422
99 107
672 17
692 220
491 501
199 956
832 471
855 657
969 706
862 151
369 610
80 731
961 870
321 711
875 280
805 61
629 345
45 760
22 372
32 525
588 530
386 12
598 607
454 327
457 225
420 499
577 720
67 638
283 557
68 461
230 843
514 163
897 809
520 528
281 353
706 871
235 681
859 635
785 766
755 698
525 370
999 319
379 670
713 146
148 315
318 623
346 122
402 570
989 406
572 674
388 633
137 703
154 583
295 154
674 481
270 492
497 218
685 671
812 174
195 431
927 614
50 382
595 718
916 260
955 726
264 995
600 752
958 677
639 850
679 39
772 347
21 969
273 772
189 168
731 557
93 251
683 846
5 342
122 236
857 119
624 806
256 788
284 521
114 914
634 131
541 469
691 504
35 636
844 682
238 681
313 854
960 407
503 735
352 327
823 493
678 432
32 944
371 466
960 181
500 246
349 569
605 341
295 741
743 235
720 880
686 121
154 790
914 348
121 586
943 763
128 511
996 571
29 684
637 311
719 467
381 249
572 582
423 500
962 614
210 259
716 667
1000 990
413 190
642 594
328 842
148 61
901 665
782 826
25 942
228 227
967 648
919 982
773 479
1000 235
329 925
128 336
45 731
268 872
432 710
333 698
834 993
561 671
416 74
203 146
296 496
777 71
83 968
674 969
952 219
65 70
963 573
288 227
382 711
790 702
22 532
478 58
625 823
454 195
239 939
890 13
891 828
895 796
364 212
41 143
895 237
115 526
329 132
607 313
754 735
629 273
611 826
192 156
417 682
418 709
65 227
463 375
512 804
110 760
284 116
600 470
222 661
814 825
358 341
710 766
128 240
993 938
171 306
937 583
686 375
485 94
68 74
107 996
823 810
489 950
876 944
437 12
501 889
229 170
565 768
986 503
642 523
149 489
924 929
817 567
410 967
474 178
848 897
578 316
775 506
427 264
981 673
484 847
274 253
720 85
557 702
602 89
624 561
198 612
971 292
865 825
331 69
186 832
725 285
835 437
982 420
587 276
19 288
826 656
96 957
484 572
126 661
53 513
455 365
995 904
429 594
320 510
394 919
126 740
293 227
500 409
108 166
218 866
455 659
330 750
313 910
361 428
649 996
616 593
871 267
925 879
359 503
987 822
988 485
236 258
330 203
848 644
614 619
170 912
193 593
526 269
529 223
291 252
3 304
305 7
394 850
961 596
746 706
448 897
589 824
427 637
410 325
128 816
93 986
719 58
558 124
194 691
49 156
862 534
542 912
979 790
453 579
704 527
711 179
427 936
51 964
840 95
271 715
202 852
704 702
924 743
561 795
465 142
966 786
360 115
379 305
471 257
589 94
989 708
66 445
272 968
848 119
521 343
354 480
445 791
483 220
800 778
159 821
751 815
402 42
350 908
42 69
388 105
302 755
105 739
877 901
803 894
170 716
972 159
425 228
27 296
818 629
263 936
506 505
199 46
146 182
147 883
83 625
697 705
700 736
807 700
829 452
156 786
605 573
383 179
978 945
344 865
36 895
684 835
335 429
211 832
663 35
760 408
5 821
430 194
520 898
207 20
559 355
121 339
748 344
253 854
624 342
880 928
37 629
704 222
659 978
254 96
438 123
408 186
672 811
451 252
604 430
1 61
560 780
655 695
458 915
662 293
577 787
724 614
104 807
746 250
926 9
107 829
492 709
976 250
632 364
800 584
46 808
678 553
733 690
682 932
39 97
167 44
26 896
963 917
622 250
678 373
426 9
542 475
85 276
252 299
569 95
279 969
276 775
722 711
562 816
212 649
854 72
565 139
200 805
114 663
429 760
549 647
74 761
361 851
355 909
810 324
867 141
877 284
815 26
728 116
377 10
965 649
255 105
112 233
610 104
413 405
357 729
228 450
308 847
148 676
775 521
563 801
322 959
641 621
94 586
7 21
338 137
585 152
531 853
59 33
249 659
396 760
54 996
490 998
556 414
45 159
656 460
903 446
634 905
237 584
755 951
258 539
345 543
347 185
59 749
958 971
145 582
859 2
825 918
829 870
955 535
82 366
133 959
815 823
119 330
138 839
346 994
518 34
157 688
462 948
655 847
640 444
164 810
332 96
80 201
344 339
892 168
199 208
660 806
34 531
522 771
122 815
109 227
716 77
274 440
147 826
847 789
151 770
29 418
625 13
187 982
714 973
515 756
57 666
938 757
870 760
464 884
784 659
107 236
967 386
464 774
903 666
944 969
709 711
446 951
395 899
748 115
628 553
240 158
47 273
490 414
735 644
741 839
10 697
796 520
528 438
486 930
614 430
173 44
448 981
896 569
332 659
614 313
135 240
907 155
418 932
145 932
76 648
519 270
44 174
219 176
234 351
996 525
699 124
650 301
119 520
154 700
342 297
414 234
487 784
401 697
321 482
945 744
379 276
551 876
845 15
60 841
976 194
833 163
85 490
836 342
694 220
786 959
520 84
273 566
632 531
741 223
929 973
507 57
532 158
479 55
209 471
561 698
450 987
70 528
470 286
256 512
296 493
618 972
14 123
825 366
661 720
421 91
756 850
377 375
182 920
553 276
810 141
683 570
248 516
875 417
203 364
350 493
387 101
705 226
689 677
687 950
9 571
943 24
841 482
259 191
408 739
995 873
156 557
819 10
199 649
316 427
448 787
891 569
965 978
16 55
788 829
182 452
537 763
738 332
614 507
45 948
193 705
13 342
285 447
611 567
315 82
387 545
335 159
429 422
693 873
14 832
663 365
120 105
326 99
287 937
110 516
612 974
243 101
600 546
968 6
371 969
637 510
674 360
106 358
713 470
698 98
737 456
858 297
669 419
427 56
817 368
877 576
328 643
59 533
354 671
650 80
523 162
561 875
177 610
968 883
843 577
146 755
320 642
964 391
416 149
894 576
293 753
591 672
145 825
660 879
778 734
462 799
639 777
968 672
144 59
277 958
977 566
248 834
501 400
854 156
213 12
342 864
291 718
678 974
271 428
934 36
558 656
317 62
419 861
288 300
363 288
865 550
925 96
477 824
317 175
838 275
808 322
643 668
188 444
64 242
981 361
948 614
974 738
672 352
156 561
892 779
508 816
549 38
552 214
770 821
933 327
383 400
667 167
796 961
376 418
838 76
865 226
957 690
54 717
135 794
583 408
235 310
275 784
115 876
315 126
118 609
615 905
455 902
106 41
137 90
154 931
618 140
983 916
361 125
72 232
534 390
662 331
132 834
561 36
379 27
219 248
591 320
650 274
353 626
820 614
395 373
181 172
845 245
355 633
462 703
944 138
357 427
394 167
414 802
597 596
932 955
302 714
446 147
798 68
929 171
643 901
401 530
557 483
7 966
146 358
184 77
661 453
792 268
223 340
333 660
392 186
985 285
124 255
276 532
61 778
902 960
942 877
209 543
673 392
490 852
34 578
830 38
155 506
393 417
838 605
919 500
79 587
736 866
919 357
528 542
584 874
662 713
283 380
545 513
382 794
59 469
470 383
260 580
365 873
667 131
28 607
875 36
412 830
128 601
738 372
315 45
874 340
125 334
917 312
844 872
493 785
505 632
785 606
589 592
291 405
276 295
421 794
524 253
908 284
660 397
788 698
382 289
664 968
441 337
495 2
318 521
394 121
693 579
917 139
961 704
404 50
958 633
119 551
589 454
397 791
72 482
534 652
498 4
405 968
836 492
216 749
689 413
16 729
200 390
994 804
812 373
760 702
105 271
380 151
425 496
78 474
940 465
389 85
693 7
989 956
223 328
243 518
905 15
899 553
350 837
82 779
568 190
569 235
197 617
143 681
644 130
421 55
248 745
155 119
193 184
227 337
469 283
532 575
516 68
990 919
151 227
118 114
2 369
503 701
696 431
165 788
295 933
667 254
245 486
853 743
601 374
892 819
453 41
736 475
572 177
496 516
68 496
529 130
213 745
604 180
989 24
24 354
934 699
396 849
927 454
620 852
733 19
92 413
865 65
662 742
6 981
188 936
987 488
932 319
607 767
756 219
116 186
686 266
486 284
552 746
479 749
907 120
323 113
513 193
695 249
545 322
58 238
573 797
794 730
209 10
617 917
121 838
850 753
422 289
587 603
458 541
792 213
846 904
704 993
617 320
981 687
13 717
855 842
124 176
226 640
833 360
743 933
299 340
915 126
584 482
94 411
367 653
777 97
763 88
70 672
630 768
271 331
238 922
938 948
464 563
657 868
397 417
825 478
114 559
70 834
472 461
588 779
852 880
598 340
856 115
250 206
325 784
456 577
520 138
630 37
155 561
504 845
359 497
254 281
164 225
112 306
535 466
444 337
3 306
996 953
776 626
482 527
197 8
149 811
314 820
921 196
650 906
462 228
102 191
358 21
182 231
130 881
268 231
103 291
31 6
574 876
55 412
714 435
168 544
261 525
44 147
308 62
559 540
448 720
983 864
388 169
456 251
202 963
8 804
707 866
923 801
160 751
769 91
332 997
977 472
135 266
873 31
427 72
194 885
688 436
730 803
324 720
897 424
216 596
627 326
789 731
994 607
347 618
686 845
159 823
271 137
613 776
598 826
692 441
325 688
517 50
111 694
369 180
422 190
939 352
464 640
212 742
744 902
342 865
79 630
498 611
9 884
900 397
106 688
140 425
503 583
490 674
307 488
491 391
607 93
313 831
559 158
247 578
654 134
420 24
421 289
154 492
895 167
861 883
940 614
499 686
227 639
158 575
340 326
13 488
358 398
681 262
629 120
353 949
814 42
942 95
58 401
908 27
110 711
300 235
332 362
447 660
267 498
949 754
931 91
770 455
516 743
210 248
802 980
710 693
180 928
401 981
295 433
189 942
837 318
984 926
767 957
293 848
664 796
738 661
722 238
873 106
159 752
544 865
33 492
250 8
606 558
617 254
428 395
877 692
53 18
612 295
479 872
740 718
942 771
890 560
670 274
428 681
945 961
358 814
950 546
75 292
415 790
878 320
535 993
187 863
21 839
649 102
389 931
337 18
446 538
726 999
251 453
936 357
657 201
852 842
235 969
643 382
457 471
754 551
459 641
579 656
984 480
586 380
435 424
740 605
662 697
311 261
793 574
233 932
614 678
814 356
911 425
107 32
304 645
334 713
248 138
12 117
714 107
24 539
352 440
560 637
334 376
228 731
887 916
68 300
804 120
936 816
700 185
867 728
45 12
253 233
35 10
456 85
383 634
881 785
715 877
936 622
371 19
409 754
431 885
647 17
560 185
465 187
267 845
292 744
115 391
871 580
46 771
233 816
589 144
845 105
591 581
594 299
834 730
694 886
932 815
789 674
95 751
242 145
423 164
725 548
433 940
431 681
803 986
643 881
455 215
590 438
773 254
122 954
665 683
61 813
322 315
843 967
437 538
741 112
578 104
47 223
954 670
770 694
678 23
844 491
421 54
819 159
857 80
22 922
919 136
631 898
541 438
553 472
899 228
792 852
326 159
311 361
149 638
922 958
434 884
883 671
455 974
230 458
130 204
871 87
474 603
811 680
832 845
963 859
637 758
939 168
875 801
859 676
692 315
96 200
116 187
858 628
401 925
110 473
699 140
655 745
106 256
68 304
381 154
19 83
741 362
85 662
767 730
181 227
589 294
536 398
157 529
385 486
759 602
742 780
998 410
953 235
347 308
835 11
621 742
472 808
474 177
864 521
973 169
562 59
355 878
302 875
233 590
476 938
467 665
252 365
15 179
91 553
610 635
256 514
169 871
964 722
879 18
571 908
109 197
19 293
351 152
498 636
155 421
377 373
543 798
213 231
680 516
844 271
866 307
270 37
813 856
904 972
328 236
691 388
269 230
589 190
537 814
216 301
207 366
710 371
253 764
839 149
18 697
934 875
205 889
576 883
994 222
832 237
226 180
245 72
412 577
508 814
269 968
816 257
620 155
553 214
724 137
975 369
948 849
310 318
228 659
335 153
942 179
874 173
144 284
201 349
907 185
357 834
896 438
920 316
686 295
654 769
570 452
183 379
42 637
8 805
704 514
907 103
379 468
226 912
91 472
863 878
724 700
43 2
33 455
232 33
450 232
358 545
15 480
169 528
557 509
710 572
7 988
322 46
142 893
215 793
272 971
792 306
21 576
919 307
831 115
998 736
584 692
532 188
860 705
656 334
560 736
868 244
523 531
742 741
463 887
730 245
658 374
507 180
34 572
623 354
860 880
531 276
866 501
207 703
796 488
677 443
735 245
758 318
207 556
185 874
852 951
781 461
714 944
307 122
808 437
75 246
956 853
620 330
164 288
402 493
576 800
23 511
749 763
75 980
773 539
44 669
298 249
116 319
888 720
61 394
874 495
714 116
823 314
805 795
331 652
727 734
304 272
32 751
737 46
420 334
480 49
173 114
72 687
90 688
366 541
405 111
11 1000
193 973
806 949
441 315
578 780
997 854
284 903
68 126
385 268
974 126
966 994
769 422
594 437
833 747
209 81
484 93
252 5
472 701
676 595
971 677
113 701
539 953
25 583
63 27
711 671
640 36
332 232
582 707
851 700
191 167
329 886
56 154
274 177
248 898
464 335
427 341
670 275
400 117
285 815
392 11
48 925
178 548
360 927
752 385
218 485
761 693
446 301
263 905
910 124
678 1000
647 807
706 481
586 494
783 359
507 958
733 534
451 867
251 437
469 502
914 293
331 509
334 556
745 907
819 701
906 338
830 608
45 728
376 337
49 285
892 809
747 90
53 905
596 37
212 138
837 221
412 824
969 429
538 182
55 176
7 301
812 127
805 822
894 145
461 842
542 717
638 154
162 617
417 492
969 143
111 766
115 251
903 132
399 450
551 662
608 72
96 156
828 581
280 979
896 557
301 835
581 223
541 666
944 217
48 494
51 769
107 909
110 284
77 109
46 984
802 74
872 168
312 194
977 176
910 540
163 749
493 142
935 984
403 90
385 699
740 145
794 777
815 461
742 743
275 148
132 267
248 926
856 605
750 57
904 243
906 417
104 337
506 461
881 15
921 912
958 405
602 487
80 633
486 613
144 998
880 464
387 10
154 259
299 822
304 668
595 25
14 303
715 494
535 347
519 822
633 873
887 47
924 338
672 315
981 303
468 214
757 200
957 278
886 484
979 194
249 993
502 509
123 904
987 863
715 716
115 520
164 516
118 333
68 498
822 527
1 303
760 322
446 724
568 841
755 713
218 573
727 631
749 775
864 95
628 488
150 490
452 134
47 213
243 59
758 750
765 130
68 950
694 134
988 871
497 900
538 690
671 370
199 995
877 601
324 367
347 134
371 780
191 328
835 125
11 367
967 616
855 935
185 80
764 588
461 259
137 469
128 171
323 318
639 522
683 462
749 438
100 187
545 18
490 795
986 132
398 46
790 892
517 220
973 394
223 76
425 29
743 645
319 633
895 990
679 457
666 984
443 609
939 548
668 126
389 523
528 969
674 715
435 197
255 460
61 131
65 320
410 706
984 42
454 434
321 623
58 618
520 795
775 573
758 159
892 849
235 190
37 219
168 373
887 297
886 371
546 886
339 236
658 520
606 850
40 335
884 848
499 498
247 579
894 169
623 761
642 52
205 700
444 544
33 523
470 544
609 440
718 330
987 30
633 306
797 585
513 178
552 977
738 655
671 193
50 653
125 199
238 286
355 606
507 267
272 894
96 418
663 786
525 781
489 661
237 93
369 511
578 749
264 893
691 188
158 345
678 656
5 202
215 5
134 148
691 551
207 777
719 529
321 158
88 703
499 712
186 864
460 327
463 544
415 959
683 857
957 154
563 319
585 731
19 433
368 125
369 916
891 779
126 516
918 414
865 404
352 705
45 610
822 826
624 29
606 157
222 138
387 467
874 605
913 911
625 389
473 688
206 446
379 966
486 926
681 260
663 428
611 967
103 99
468 492
452 937
434 652
509 200
335 892
743 83
763 881
286 272
474 528
650 575
723 479
230 253
215 267
987 466
632 35
599 737
447 372
68 127
196 180
223 669
538 891
613 261
322 971
466 942
233 969
493 391
490 121
976 879
684 48
831 291
786 303
216 788
487 853
238 421
440 814
647 461
206 647
377 775
708 205
11 439
252 65
489 625
219 264
994 910
42 259
693 32
753 381
510 872
167 185
243 559
136 211
707 412
587 754
940 688
5 447
958 111
373 533
415 784
271 284
277 991
646 440
412 454
75 4
411 6
424 411
460 585
193 322
135 221
30 847
19 570
605 398
87 923
884 635
518 819
687 216
636 688
287 302
14 626
606 8
883 645
573 193
331 730
371 473
353 102
795 331
173 179
447 980
912 45
732 934
89 604
73 103
898 112
180 903
419 374
803 213
936 818
40 263
900 917
962 814
233 250
175 763
948 953
163 195
914 889
322 540
866 542
153 473
429 380
10 197
417 205
85 752
802 216
935 276
183 467
370 246
551 836
163 543
384 848
224 543
946 958
526 994
894 524
920 160
204 448
111 6
886 748
498 229
685 527
599 201
988 957
124 175
911 253
58 832
52 35
199 204
517 231
721 340
216 300
682 73
837 741
204 821
679 445
544 442
29 446
182 944
60 340
79 552
133 384
451 787
691 426
912 589
360 666
51 803
808 398
771 258
916 148
562 645
452 557
550 418
679 522
370 914
719 705
961 801
891 827
123 538
382 821
2 255
495 766
153 889
800 464
508 891
465 150
628 676
284 590
170 840
528 426
638 469
32 697
419 107
737 996
405 452
690 402
193 874
58 280
983 1000
988 66
828 763
449 798
361 58
750 338
996 452
828 863
907 125
802 141
529 707
607 926
8 922
542 859
942 357
126 423
475 972
568 833
686 602
263 511
506 554
273 635
825 950
826 345
8 760
308 139
636 333
864 559
96 741
812 747
998 762
868 966
994 226
648 951
80 169
390 902
604 756
481 587
873 525
967 175
933 875
381 830
960 68
438 953
959 987
946 486
532 623
425 941
407 70
982 667
868 904
202 217
476 488
870 664
84 229
451 826
550 462
114 780
903 762
316 48
139 508
836 687
374 378
47 320
286 648
235 32
58 619
149 656
560 729
781 107
455 280
906 374
478 599
852 448
590 628
216 532
828 441
166 816
832 828
9 3
305 156
658 664
236 940
612 891
766 484
508 492
550 997
239 364
922 340
513 177
39 396
385 294
902 269
975 713
376 949
621 789
361 167
824 585
831 270
869 199
542 183
580 14
690 227
566 41
309 48
295 125
668 761
599 915
290 351
418 392
826 381
536 138
21 590
372 886
928 308
711 475
859 364
812 582
366 268
873 600
605 997
87 434
990 673
166 879
929 719
514 855
986 776
437 592
739 240
904 27
706 411
714 756
468 954
520 75
460 550
8 191
654 26
37 60
844 700
791 903
919 178
633 695
615 579
482 861
725 143
502 280
895 211
97 882
294 564
957 492
649 523
227 531
164 562
47 356
286 740
219 643
970 73
697 791
412 982
110 859
201 29
528 498
512 791
400 773
125 478
258 383
832 792
762 457
112 754
504 441
968 328
348 250
337 367
484 490
121 432
988 10
738 545
989 373
206 123
427 890
101 367
875 632
604 90
976 572
163 772
955 288
828 530
957 882
962 540
323 74
718 65
498 28
741 416
823 670
772 924
704 782
816 840
124 21
440 76
175 974
891 381
854 355
530 621
768 154
221 830
872 94
925 460
522 430
111 987
170 511
282 725
305 427
47 855
593 595
447 573
388 617
626 311
293 68
534 292
916 838
482 142
948 471
64 132
575 592
942 301
402 502
903 706
245 14
84 908
178 505
235 232
74 166
404 523
814 218
303 595
362 253
332 257
372 54
743 225
432 451
196 356
383 662
520 562
615 43
136 827
357 823
763 796
488 954
784 135
470 766
514 48
314 90
701 606
853 338
524 249
854 848
750 929
588 644
77 900
833 939
979 725
584 163
684 843
556 185
29 981
671 152
431 999
693 496
566 102
107 911
483 428
513 923
146 676
953 204
337 791
696 682
806 403
140 149
868 936
209 349
851 858
51 431
18 381
592 922
388 159
320 637
561 657
433 818
416 64
659 252
445 203
330 231
229 628
285 930
713 959
203 25
900 129
739 187
761 599
988 576
540 47
578 150
62 319
655 270
731 956
58 882
511 956
826 984
100 709
517 817
705 138
101 769
908 873
191 895
50 65
178 10
911 598
457 65
365 696
593 861
845 440
948 713
453 21
933 283
266 520
555 217
50 163
362 209
703 936
866 705
831 849
903 452
304 218
638 293
768 585
633 119
534 96
918 131
429 462
965 172
34 286
839 647
112 726
874 267
466 853
450 481
536 34
404 466
906 956
385 507
480 551
803 208
690 934
828 824
637 168
450 50
574 683
482 278
741 218
503 59
964 575
610 314
252 505
311 996
312 62
259 601
846 575
687 633
809 651
406 523
62 249
69 707
288 150
187 920
556 519
562 580
619 637
726 947
912 539
199 977
311 571
494 759
83 712
134 836
339 690
612 874
995 63
421 440
923 42
631 176
622 610
643 187
701 81
941 120
83 294
834 82
879 778
127 17
330 245
705 263
500 133
942 468
799 437
265 870
457 206
370 665
460 967
853 616
343 718
720 943
992 196
426 790
488 611
694 471
889 813
858 676
620 971
223 792
537 393
593 729
560 870
941 407
570 451
219 147
897 137
257 498
510 378
957 877
582 538
16 519
200 228
510 513
495 439
833 780
237 657
979 634
738 515
94 831
755 227
39 234
519 156
156 390
376 660
582 708
94 718
310 923
955 594
977 254
190 253
342 40
379 557
901 509
632 564
280 457
503 31
731 312
768 302
75 316
854 992
5 89
905 75
744 957
247 26
647 59
792 467
276 748
5 490
958 448
706 105
744 972
728 465
467 551
530 187
624 674
861 651
551 339
463 670
812 893
136 486
999 573
679 495
496 388
173 538
133 78
106 719
503 579
828 858
438 646
187 642
796 824
9 602
339 831
891 762
175 173
412 561
306 12
828 137
412 767
683 662
246 784
597 836
619 788
467 99
231 202
782 750
16 505
608 611
889 743
202 476
149 327
905 737
374 758
323 608
486 924
31 566
71 562
898 106
516 461
59 170
618 195
667 811
876 419
834 487
917 303
120 27
357 420
234 111
975 554
936 999
774 507
166 940
524 214
181 405
92 914
162 326
948 978
31 375
324 387
362 858
402 565
993 980
470 812
806 650
755 78
96 434
392 498
767 671
461 326
629 730
206 645
981 513
751 107
661 351
591 530
388 789
775 427
63 405
726 319
750 433
437 352
461 353
86 73
877 978
241 48
942 886
262 548
708 636
621 461
184 176
972 185
118 329
528 885
220 531
319 546
692 8
752 275
451 983
729 386
350 31
379 159
304 755
946 318
14 342
677 190
456 526
992 576
717 685
278 219
939 122
639 364
987 967
783 518
759 661
349 206
525 203
528 305
917 609
130 117
444 277
174 131
340 358
770 133
221 165
499 319
707 738
768 411
325 391
609 4
628 352
75 672
314 1000
853 913
710 890
288 983
497 691
978 66
12 294
987 304
570 264
475 196
457 625
423 284
556 769
444 857
450 410
529 741
896 224
717 376
438 379
370 357
464 226
797 672
449 594
450 269
822 757
200 316
608 169
497 878
149 365
2 778
851 639
615 494
599 997
656 639
91 919
642 574
422 318
996 151
959 493
263 554
342 481
364 617
317 676
842 937
121 325
80 48
152 349
962 178
772 663
936 829
446 402
101 396
611 278
540 778
427 451
674 960
86 174
389 899
969 929
736 916
381 905
633 524
799 813
191 664
31 695
182 801
457 358
403 904
279 37
620 397
313 191
490 742
696 453
827 557
245 112
525 158
123 540
644 828
520 866
596 213
836 708
835 939
142 58
787 716
933 859
460 988
378 565
306 310
783 824
921 243
25 422
256 617
343 666
845 628
871 160
413 968
159 228
987 495
681 636
286 138
427 820
944 410
563 576
665 16
851 317
48 62
72 436
668 864
227 469
584 47
531 552
569 733
332 636
440 295
95 553
669 330
673 783
360 30
83 487
695 131
472 999
95 143
958 203
831 91
872 8
311 999
807 34
789 563
482 371
172 242
393 258
692 418
658 270
677 562
19 184
114 577
453 524
951 804
833 21
699 236
248 667
14 492
901 632
844 267
353 480
796 166
459 810
212 429
801 600
252 958
201 692
649 893
628 188
468 56
834 525
482 183
249 160
587 248
951 635
862 50
792 948
961 771
690 195
139 587
302 5
71 440
947 143
579 313
48 914
624 210
544 186
457 205
687 259
515 146
349 472
921 207
82 181
33 927
289 629
299 86
836 877
528 182
722 342
768 709
253 173
327 874
755 855
718 870
822 778
318 714
102 877
604 231
508 204
825 758
93 614
556 130
295 238
178 14
138 39
686 622
546 943
204 292
673 811
780 713
358 549
270 395
280 52
368 549
129 985
77 899
785 209
195 328
538 478
787 396
881 281
995 273
958 231
461 437
450 902
364 322
644 402
561 728
262 844
731 680
180 210
146 30
437 557
222 800
901 158
354 221
854 150
775 792
45 793
13 863
273 50
934 169
776 215
565 451
696 270
705 192
889 291
909 502
749 759
843 382
75 968
683 649
451 681
179 854
364 426
628 623
240 664
993 446
384 703
145 683
420 507
974 902
97 82
867 594
616 850
46 405
488 561
50 872
103 89
220 152
629 244
900 956
110 699
948 892
149 5
907 217
980 497
327 846
167 737
388 722
582 500
361 240
134 89
8 965
280 106
588 888
143 87
764 170
276 222
121 769
413 67
567 358
439 659
25 587
924 625
926 131
431 547
233 744
803 596
96 560
189 621
725 523
375 134
503 77
678 691
180 227
132 275
61 659
173 953
502 783
177 866
143 445
55 833
294 59
262 549
468 762
568 168
365 235
436 344
773 114
829 287
943 267
405 40
17 503
861 750
359 253
902 926
353 447
260 157
834 294
230 999
984 199
491 457
643 468
672 139
994 676
442 767
427 785
763 357
37 222
64 212
374 413
718 495
572 308
629 261
259 253
46 215
678 945
412 901
549 196
73 155
3 224
775 518
192 295
487 464
847 794
145 663
827 863
19 906
3 369
487 289
6 208
348 41
777 448
258 321
232 757
667 935
228 599
448 639
569 885
537 471
370 455
757 308
417 337
550 803
367 477
828 577
707 912
796 1
138 413
522 670
475 116
774 262
850 920
122 202
29 853
910 966
17 885
345 608
219 75
826 209
495 494
578 526
172 835
785 924
327 737
521 438
850 698
483 319
637 130
930 226
293 546
777 877
775 398
744 216
392 205
566 305
56 186
437 323
954 607
906 474
236 960
754 128
627 690
773 10
62 195
964 897
502 922
982 400
270 12
593 663
375 313
456 845
292 298
33 366
631 1000
479 271
304 769
736 772
131 228
443 694
314 340
62 396
672 448
969 642
342 652
456 555
457 502
296 52
919 244
852 201
840 111
851 423
840 689
257 959
593 851
538 657
447 16
156 631
732 534
624 183
127 972
206 501
207 36
323 571
306 311
272 235
331 840
519 97
871 82
103 164
586 206
434 595
866 590
609 745
980 442
641 364
54 987
680 278
119 739
283 779
512 767
414 51
333 129
379 463
551 519
54 229
93 513
635 766
391 694
911 399
414 237
402 653
259 812
627 22
211 955
677 846
630 806
497 154
744 165
856 799
953 95
20 258
545 896
640 415
933 566
384 605
941 791
122 987
70 523
478 471
476 854
938 47
795 938
378 176
198 495
553 652
848 816
80 458
687 857
838 671
835 914
913 244
1 978
533 310
564 809
238 527
540 339
499 781
703 451
834 366
356 766
213 851
621 182
804 618
914 214
187 632
852 894
156 693
362 398
202 87
130 280
972 919
995 878
282 207
377 203
654 351
883 721
187 326
206 422
867 424
923 330
762 222
981 893
518 399
364 470
335 247
664 166
452 945
953 876
645 794
825 104
917 378
21 181
598 901
103 345
205 815
418 117
452 87
866 378
840 248
272 516
384 78
314 131
975 714
462 991
646 773
869 196
128 1000
885 169
228 71
388 119
113 660
220 616
591 395
248 952
81 438
321 455
327 681
309 174
797 393
604 949
590 320
829 536
656 914
446 472
915 51
919 523
422 33
320 423
381 688
33 818
311 362
322 380
109 164
554 51
302 469
696 160
435 180
153 17
496 390
577 99
105 918
126 520
292 378
154 327
282 176
361 921
748 35
881 77
549 94
566 980
260 623
528 727
880 250
623 914
535 12
774 844
443 988
339 31
378 763
586 36
221 95
615 947
373 260
822 715
607 543
149 915
791 324
302 402
672 948
401 104
326 533
310 398
242 592
957 941
941 104
444 704
671 899
710 687
107 646
91 285
272 465
81 871
577 890
870 33
152 188
102 959
38 663
838 677
702 766
523 25
559 943
506 911
858 472
860 382
198 260
190 445
262 990
300 293
267 948
342 360
128 478
617 224
584 503
34 776
161 552
845 464
49 977
280 440
711 555
436 59
976 16
686 883
191 307
969 512
788 28
255 588
327 435
682 206
646 301
868 149
673 385
433 868
695 784
60 477
618 783
431 102
839 421
145 185
184 289
421 28
943 81
522 585
355 280
490 625
736 889
2 501
865 603
402 443
98 106
504 941
545 937
437 851
443 794
706 668
209 988
585 981
639 366
396 172
201 988
679 755
667 235
390 918
600 54
302 66
16 487
923 960
560 740
481 173
72 990
948 871
205 542
576 94
975 78
259 541
448 961
175 534
244 107
770 959
430 960
215 442
96 34
701 603
336 753
138 267
159 147
552 757
167 644
149 137
817 435
674 312
68 95
243 293
589 427
555 615
862 865
831 498
544 788
363 901
418 237
314 298
119 429
67 46
752 998
876 980
492 545
275 445
527 969
794 995
617 220
232 126
33 115
587 948
489 593
517 961
406 768
831 33
7 547
68 531
507 21
476 988
332 408
904 361
216 385
70 556
200 762
790 853
627 693
320 495
691 656
749 122
123 323
661 821
166 253
675 789
268 677
929 613
182 807
329 337
682 343
615 567
487 128
948 438
967 378
456 556
345 358
169 457
375 140
211 194
170 190
66 579
361 593
583 170
70 123
654 425
829 230
892 908
987 850
240 673
942 46
139 271
527 656
757 501
262 459
174 263
270 966
419 252
556 491
629 171
306 534
14 799
827 88
886 342
374 841
858 638
738 259
189 976
831 385
855 287
430 702
452 274
962 911
834 534
857 185
696 619
586 643
181 237
953 380
513 754
243 348
41 532
299 30
623 267
467 976
886 630
273 639
608 294
958 894
579 103
720 26
750 508
146 278
772 742
260 274
940 428
411 646
801 18
565 41
752 736
38 155
555 15
829 612
360 948
586 632
302 732
184 251
866 491
994 660
227 63
623 349
212 713
421 67
117 724
527 131
435 91
882 720
557 1000
139 879
691 394
786 394
199 867
539 206
922 762
687 958
763 300
100 830
732 725
325 793
350 356
867 346
961 769
603 229
70 103
474 884
164 232
153 454
503 364
480 205
875 778
245 451
378 740
398 649
663 391
335 246
965 107
783 798
182 150
681 700
171 986
264 228
107 268
272 359
149 87
775 879
962 786
210 15
945 64
491 834
631 87
715 858
205 264
208 500
698 251
686 408
673 975
323 988
771 762
276 196
852 973
520 381
547 835
249 368
332 883
589 489
30 175
604 775
398 322
863 522
80 107
468 514
341 892
110 59
528 992
995 275
885 907
584 698
513 738
471 638
707 308
618 921
634 974
130 953
848 142
169 87
84 432
30 643
51 966
192 785
299 599
504 547
411 49
910 21
877 158
499 747
164 479
424 420
830 876
377 404
602 727
827 742
772 173
97 773
601 878
639 373
697 938
607 235
390 939
354 813
527 554
772 779
687 176
746 668
528 359
196 765
508 703
823 304
111 514
316 310
562 58
466 103
672 582
305 717
951 492
253 222
549 401
646 565
115 229
741 633
943 435
742 386
210 243
158 851
909 521
533 877
435 958
681 122
719 918
426 555
64 63
337 252
330 16
730 637
547 1
873 83
395 365
896 182
755 83
883 6
394 175
851 560
879 50
28 312
647 456
523 198
851 725
356 29
623 57
551 812
521 489
650 207
209 373
526 602
877 830
755 286
977 872
192 544
392 162
670 277
29 179
388 872
311 809
94 459
356 450
378 134
821 824
825 317
221 988
523 82
161 581
71 62
455 415
661 784
522 630
213 153
105 992
278 367
905 471
641 809
255 152
403 990
813 555
61 198
580 970
122 468
571 993
641 858
658 792
363 34
184 751
562 508
553 135
98 316
121 133
840 629
235 381
382 252
235 129
666 465
116 392
723 160
727 760
528 466
840 452
215 452
733 7
794 445
689 161
357 819
118 741
456 92
275 512
665 136
650 732
244 411
427 717
874 126
970 631
767 969
272 574
36 431
889 603
764 577
175 996
186 399
688 69
323 42
472 752
589 315
889 693
263 406
730 883
103 727
720 325
973 45
955 558
298 999
775 379
360 180
259 976
540 615
561 516
787 454
476 989
39 397
762 546
303 360
804 771
397 723
539 598
892 272
587 354
255 752
337 600
386 535
613 730
155 478
808 484
660 525
918 155
99 173
743 748
810 527
451 948
123 307
277 957
291 543
791 858
994 66
23 460
444 103
27 9
601 92
675 997
396 194
696 456
481 494
118 997
804 901
801 659
179 867
841 917
753 698
538 294
477 486
746 581
586 490
917 642
990 328
370 881
667 871
802 706
32 702
487 502
898 81
610 359
267 418
522 654
41 689
228 629
82 499
546 590
512 578
451 302
694 382
162 327
367 386
998 32
853 803
699 133
775 40
153 297
450 509
710 519
15 599
471 17
552 609
198 271
555 578
84 280
391 688
623 538
547 934
54 362
739 430
82 675
565 60
671 265
135 433
806 544
347 269
405 37
81 473
873 837
307 939
414 909
897 501
430 259
499 777
902 870
405 726
744 54
483 170
5 97
401 847
834 987
144 651
377 695
991 147
114 325
708 695
52 947
792 618
27 247
374 34
584 972
624 777
472 38
400 451
255 357
455 359
757 995
208 544
155 43
395 760
821 530
19 520
739 441
770 528
145 418
974 655
520 178
410 6
396 946
26 214
1 648
339 5
896 752
969 414
485 168
878 814
2 79
443 35
580 544
118 739
193 728
488 728
676 19
144 388
172 306
407 565
505 591
328 240
456 5
438 149
336 555
813 55
124 586
841 950
881 833
54 933
111 828
132 855
370 454
152 173
135 92
599 731
746 125
586 962
550 873
93 754
722 2
580 228
357 45
33 367
784 481
659 527
287 694
368 890
516 952
591 484
264 517
806 765
855 99
354 660
25 620
781 945
893 333
972 860
582 166
319 967
509 565
267 529
480 805
9 380
941 1000
678 741
898 957
919 517
299 680
914 482
30 552
270 91
806 185
772 505
208 750
389 951
85 88
765 966
568 126
27 211
818 762
875 503
639 534
568 493
400 303
809 901
260 843
908 975
19 801
909 354
433 425
768 723
244 605
709 757
867 485
550 495
273 337
165 835
230 683
395 962
468 276
767 400
344 794
631 609
966 398
309 953
131 877
794 55
239 560
597 674
603 941
628 264
598 820
585 123
234 107
508 414
163 45
385 123
97 305
962 887
785 762
96 247
443 410
51 957
620 698
436 705
903 478
147 398
845 795
917 126
96 358
205 444
150 519
851 502
245 907
825 791
238 316
989 540
444 919
508 66
113 694
774 59
668 730
522 94
8 693
579 62
651 669
545 498
103 912
553 927
807 22
476 888
494 375
385 705
536 873
618 619
621 312
12 928
109 100
495 822
235 483
581 118
521 251
82 796
912 697
566 586
181 664
557 781
762 737
744 812
215 408
523 549
291 661
458 142
922 529
613 566
27 191
321 926
527 250
490 639
259 448
730 163
500 436
62 407
967 400
93 291
50 86
143 995
992 563
576 178
244 800
272 115
19 798
115 565
352 449
1 930
596 44
745 686
837 198
72 960
880 887
97 115
426 859
282 592
176 878
41 596
654 678
111 775
115 192
206 41
867 849
712 878
371 27
906 818
814 667
998 148
994 550
231 575
260 162
858 578
655 514
358 646
731 184
826 220
901 654
821 423
110 150
720 326
330 897
813 893
180 448
751 907
720 213
374 101
65 896
483 177
820 784
270 241
294 203
463 704
100 142
772 290
543 1
189 336
320 481
265 288
801 342
380 509
995 980
695 886
113 158
701 501
169 156
260 237
706 429
73 560
75 38
697 519
938 763
944 884
835 881
620 393
861 913
232 949
763 499
957 85
272 761
853 750
912 240
434 25
823 458
634 808
623 980
920 964
373 329
266 565
582 119
987 709
163 391
715 594
440 768
975 44
852 281
525 461
314 579
624 392
699 422
112 636
821 646
558 111
896 418
537 931
166 1000
229 364
875 694
987 272
200 126
805 655
662 264
314 234
208 409
708 478
819 799
660 281
402 633
132 658
413 35
190 488
686 493
279 937
376 526
75 521
627 87
665 310
495 271
355 301
445 550
356 71
618 382
601 292
397 899
551 870
168 905
310 198
156 302
964 405
687 200
560 308
594 288
66 479
564 322
32 339
256 619
494 303
78 686
194 443
616 436
810 81
39 257
466 428
942 946
672 146
468 829
105 669
87 533
273 484
644 216
863 468
718 758
32 563
616 303
209 751
450 755
702 417
226 106
18 326
715 723
787 709
627 862
421 419
244 634
202 168
355 419
749 271
877 474
862 54
575 919
157 974
781 20
88 149
641 897
218 792
607 262
700 420
666 372
80 777
120 806
28 617
250 425
145 707
878 815
886 330
463 814
845 643
160 893
666 22
64 684
396 299
533 998
59 99
263 21
196 456
343 299
626 645
456 149
993 850
755 968
962 562
927 848
275 281
149 304
837 611
848 324
266 915
25 627
265 188
604 769
25 540
764 223
359 789
929 118
233 641
696 871
143 52
459 195
886 558
280 462
195 733
255 597
882 897
925 403
17 382
22 649
21 810
460 382
976 398
874 896
359 584
344 479
17 271
346 629
994 297
122 220
765 950
307 66
598 286
655 333
771 320
597 990
242 584
948 918
460 770
101 836
546 947
417 781
311 169
153 827
238 900
174 99
323 615
984 299
869 515
291 133
301 193
944 745
463 387
434 647
128 998
243 814
314 977
371 224
962 965
524 124
885 279
334 7
337 353
798 502
176 929
606 595
423 375
506 795
344 407
784 447
345 671
937 931
275 708
671 162
323 48
56 981
471 774
148 662
78 298
831 296
641 228
642 599
812 395
25 591
157 90
877 683
882 195
721 71
178 762
693 41
90 30
815 634
345 196
692 208
648 885
483 114
450 793
624 628
237 447
660 248
934 126
66 856
654 73
32 232
948 302
752 359
615 815
728 208
50 452
969 746
71 350
23 27
761 264
911 632
22 209
424 160
813 698
745 796
762 162
376 345
818 80
841 305
434 841
865 171
408 596
945 339
512 858
123 853
54 721
383 271
899 318
296 777
832 971
411 335
488 529
989 187
918 249
947 177
172 507
779 293
836 786
286 375
452 27
913 543
185 896
349 653
704 420
154 909
895 699
67 501
927 155
556 183
189 826
685 981
65 756
493 356
886 422
186 380
284 641
942 372
752 793
324 642
487 886
440 511
295 3
635 564
467 934
393 15
582 769
74 844
203 928
771 41
280 407
910 663
363 678
894 902
75 362
781 730
538 50
147 982
369 154
497 429
705 832
83 980
468 794
402 248
520 299
829 319
591 896
479 506
448 326
929 649
658 457
776 406
308 754
401 48
305 911
834 262
433 615
285 734
325 913
437 771
533 751
815 82
514 571
201 876
588 872
809 109
349 188
331 401
95 328
888 562
207 258
27 952
410 32
47 437
597 717
329 176
917 543
666 273
170 928
819 309
857 746
35 354
897 579
168 129
904 533
121 167
657 323
586 123
671 806
451 387
949 640
993 196
685 134
614 308
172 479
745 427
983 993
622 175
348 184
615 218
760 293
641 401
862 945
361 347
479 727
963 282
836 20
251 540
197 606
27 656
595 967
51 869
656 705
517 512
220 640
134 208
51 658
307 572
163 544
648 576
77 922
757 477
194 150
285 205
103 842
566 358
753 429
327 342
256 509
123 149
51 432
622 185
109 410
492 294
204 182
935 228
186 997
998 844
327 116
136 97
321 59
930 599
179 663
84 270
428 904
420 776
494 761
478 2
522 524
482 176
709 543
691 60
175 151
107 197
344 145
705 360
961 774
931 762
398 541
666 373
297 398
226 316
508 662
199 531
650 801
827 93
84 817
488 730
801 927
931 984
126 172
650 944
634 643
407 567
871 114
895 376
788 550
992 73
521 933
419 277
172 451
181 493
633 314
506 772
128 168
291 292
58 25
274 471
281 510
789 926
119 810
632 237
6 88
531 587
345 604
879 27
657 827
208 164
407 209
980 926
214 142
140 911
878 225
480 840
191 138
613 501
163 792
582 841
52 204
788 184
76 250
460 153
194 109
178 678
655 136
82 822
411 327
490 871
894 809
773 78
795 906
613 655
445 13
28 27
726 102
928 41
88 822
420 989
493 769
459 945
868 467
616 268
106 678
982 335
415 602
972 369
4 163
188 448
339 852
411 163
610 233
641 101
80 712
890 73
549 90
307 355
351 947
628 965
118 803
490 330
92 650
371 453
444 271
429 221
418 686
663 420
244 236
253 874
257 133
847 40
928 759
867 678
104 629
345 877
567 46
806 930
608 933
769 132
500 859
46 747
102 643
656 363
922 870
910 620
941 262
554 999
854 553
655 552
713 511
59 733
775 131
750 345
826 169
310 974
497 213
975 968
834 716
303 980
864 603
114 86
890 727
108 632
894 619
381 556
274 166
5 22
118 417
579 177
982 30
655 236
57 831
510 995
920 997
613 850
82 794
925 374
655 29
325 666
215 538
734 766
147 810
242 468
575 490
782 144
454 833
113 321
518 638
903 900
761 557
565 433
514 677
951 920
643 475
19 469
938 773
869 425
156 842
567 680
736 748
348 738
204 638
649 991
286 696
857 796
92 767
735 775
863 672
575 942
10 806
525 197
165 758
67 956
524 771
799 395
857 574
287 167
36 101
292 207
168 309
81 532
707 744
192 427
417 522
115 853
386 263
280 830
813 492
103 268
970 729
275 517
188 526
102 972
472 923
16 935
971 909
715 871
720 651
628 12
167 640
47 978
280 988
997 881
708 484
711 967
287 763
200 211
10 92
270 554
567 464
733 968
976 475
501 872
390 131
162 226
915 800
788 18
402 821
848 269
295 2
833 639
837 971
841 22
273 544
276 321
423 862
618 570
359 860
970 235
416 232
90 499
716 355
809 519
204 79
961 332
134 422
318 195
946 664
928 371
468 692
530 475
804 782
553 522
271 203
459 27
740 504
817 800
336 602
270 17
643 537
311 703
5 300
338 763
450 749
553 292
350 82
443 604
464 977
128 913
17 103
912 685
844 364
478 182
335 331
784 655
767 372
319 398
738 90
331 400
525 152
196 530
342 752
715 374
952 548
173 382
671 515
174 41
73 186
439 479
944 547
357 626
448 946
305 31
535 161
675 290
399 738
1 343
917 353
369 791
177 438
824 855
695 44
129 11
353 725
745 315
799 18
73 758
880 706
370 304
253 169
11 184
196 244
949 978
346 313
163 965
718 17
165 160
501 987
48 387
730 675
267 867
986 329
163 594
987 353
494 96
629 747
595 951
530 650
307 575
94 725
675 210
872 511
864 499
764 181
718 243
846 919
994 501
15 851
158 501
588 378
181 828
39 434
7 656
705 803
423 928
925 318
606 509
222 490
294 983
485 840
930 711
184 477
402 364
961 251
134 831
874 844
99 939
969 720
239 978
184 588
666 592
574 377
335 303
706 337
65 351
222 151
683 675
832 231
300 581
528 736
583 138
643 49
936 69
511 191
996 989
524 884
163 468
182 464
53 968
202 306
738 320
525 414
283 607
681 672
452 520
124 982
451 382
605 606
861 439
935 912
776 859
483 849
945 68
28 952
162 358
695 48
453 421
435 934
419 365
441 293
613 391
795 457
599 724
485 20
233 75
720 595
387 856
870 393
417 141
151 398
246 882
94 806
275 392
792 30
3 921
247 348
284 714
12 808
519 836
308 119
436 44
310 525
100 241
716 726
525 814
33 168
255 599
915 54
129 765
759 455
445 155
526 924
928 187
123 33
933 934
551 507
900 679
385 900
688 731
817 953
468 851
820 488
108 330
532 420
916 571
847 977
191 585
435 187
74 345
809 906
41 16
23 384
118 6
265 600
86 480
342 606
460 907
689 765
463 254
1 723
2 268
575 949
630 660
439 406
496 744
192 209
379 977
842 183
571 479
310 353
697 42
62 826
794 209
451 461
876 410
35 138
291 20
438 197
774 611
496 982
480 459
443 177
72 133
415 191
720 785
302 642
131 524
843 663
543 179
73 317
917 10
258 665
286 59
338 142
534 269
93 723
524 307
121 666
879 457
437 38
789 945
183 454
479 959
500 634
11 337
711 768
713 591
717 431
935 504
581 189
318 458
873 881
546 57
289 192
808 944
551 808
189 615
375 156
108 633
271 65
644 493
293 665
186 555
431 271
859 320
199 227
44 316
705 890
578 488
942 889
707 276
925 373
179 335
640 715
397 743
627 589
459 975
316 844
190 845
658 483
87 735
491 318
238 601
957 181
540 963
173 742
134 884
285 760
696 321
571 831
393 535
938 770
995 975
118 98
653 813
891 814
729 191
143 639
979 323
587 134
129 112
148 826
884 588
814 371
192 142
600 59
781 90
450 851
705 448
50 183
162 605
328 301
438 822
576 83
745 572
996 587
948 787
879 553
367 261
442 172
480 471
463 278
652 530
197 838
92 60
681 521
242 625
201 530
390 471
558 653
673 278
414 473
475 221
555 729
546 264
485 44
620 665
881 927
572 596
332 977
492 986
779 146
823 950
694 35
72 494
271 501
669 383
742 799
669 743
767 696
327 735
609 586
591 590
738 942
82 586
217 721
678 582
687 829
857 481
38 880
425 616
298 5
711 945
381 672
916 669
190 926
169 129
874 966
284 246
216 164
71 30
716 209
776 6
221 731
407 248
213 185
506 181
553 436
330 999
700 300
386 932
752 777
491 201
476 291
828 72
518 962
615 784
152 77
13 468
623 977
173 142
357 625
585 214
123 883
935 798
386 377
975 41
707 711
12 227
453 654
907 848
451 785
186 218
149 982
251 442
376 196
304 161
495 669
508 449
823 26
71 785
936 934
672 864
750 581
623 795
751 500
932 690
736 19
774 341
850 999
506 849
841 760
219 60
21 494
573 785
504 832
742 168
220 642
570 248
440 413
403 19
665 676
370 98
4 440
321 366
54 392
256 511
351 350
545 447
484 893
234 772
751 793
702 247
647 562
961 303
264 937
998 834
468 713
804 803
180 197
701 421
207 684
691 755
658 408
736 984
916 544
496 1
888 771
522 699
27 203
307 107
813 845
351 786
66 926
430 359
948 480
89 539
57 705
23 492
300 695
641 789
751 933
421 305
316 457
636 642
529 56
786 918
749 669
418 537
793 661
97 222
482 912
988 362
456 299
897 471
718 519
554 556
685 454
939 986
245 383
834 849
374 541
379 933
16 179
269 735
914 660
404 954
277 180
79 248
997 581
597 755
448 526
210 8
745 599
448 701
894 38
954 251
932 72
979 804
582 387
417 275
91 420
720 958
441 149
940 73
873 521
68 924
751 377
718 114
846 167
684 70
254 338
500 615
46 943
272 792
711 431
388 938
656 958
198 769
293 531
422 377
226 598
674 206
492 501
823 595
20 300
441 849
81 330
155 719
500 951
233 535
696 985
75 308
721 378
798 646
801 162
325 676
382 402
670 476
517 439
583 209
479 316
49 947
969 610
57 620
847 577
999 906
467 269
875 376
178 232
694 522
61 876
532 874
314 523
810 628
705 330
212 174
287 316
992 922
644 755
900 645
242 461
678 928
995 25
589 893
864 324
196 63
5 840
724 176
338 151
701 989
679 952
187 70
742 308
27 890
676 898
453 503
632 866
866 624
176 932
464 564
732 105
110 557
805 755
702 785
519 325
334 181
636 826
764 570
926 345
146 919
970 559
2 659
745 131
798 151
915 343
33 271
486 419
327 613
272 757
937 817
572 544
155 796
300 291
963 101
676 582
881 732
453 843
518 161
591 629
208 130
445 619
411 551
29 108
820 905
432 634
142 693
372 812
213 352
473 403
990 616
384 80
981 875
216 427
365 246
812 571
762 634
997 497
1000 299
89 204
877 91
865 883
407 358
624 710
752 267
957 180
43 540
619 573
305 565
70 887
550 45
383 244
240 78
995 974
10 962
796 229
217 338
770 968
147 635
424 20
761 269
463 221
943 231
800 351
680 997
18 756
992 567
973 908
821 297
526 292
395 994
966 95
788 779
687 339
193 747
340 366
197 35
35 216
914 589
904 864
937 804
370 729
480 121
389 760
310 509
2 930
617 761
942 246
837 484
162 316
913 540
789 129
262 259
101 313
529 588
224 494
605 418
502 731
978 205
444 849
963 291
157 360
927 132
74 58
395 906
260 910
530 789
802 238
252 153
509 806
650 713
484 100
655 959
214 325
346 69
219 497
916 457
510 720
416 379
513 771
294 380
242 133
545 402
176 496
68 537
100 857
237 126
644 450
609 811
852 685
389 233
856 552
928 373
740 506
208 795
192 688
174 512
568 75
569 246
901 223
208 682
706 425
999 748
491 285
899 818
493 711
480 236
969 570
540 87
611 385
183 641
735 980
115 759
829 143
143 222
503 688
715 360
810 588
960 113
277 202
107 504
400 920
737 897
690 12
905 801
819 679
88 475
737 157
415 80
788 926
185 711
37 430
234 28
509 134
664 531
920 445
915 251
234 175
92 1
348 187
223 825
461 418
443 361
10 284
854 885
672 865
141 415
456 204
440 721
868 561
137 663
323 124
140 542
768 799
572 633
698 451
313 39
205 209
336 384
962 460
266 343
473 297
608 316
972 821
367 845
495 376
6 413
100 72
691 935
765 362
307 942
180 416
237 209
310 551
25 693
854 416
433 964
837 123
75 267
856 689
167 379
192 580
517 228
34 166
670 342
568 248
787 86
624 444
846 695
445 230
123 500
347 716
939 384
83 610
910 3
126 644
644 107
369 997
614 937
118 56
908 544
250 96
787 933
792 781
960 447
508 947
331 11
236 482
376 293
110 986
435 492
24 897
64 386
876 289
537 709
848 852
896 731
631 521
818 230
965 85
857 199
438 255
455 823
98 592
67 515
965 230
343 694
862 422
742 408
908 330
759 895
706 395
584 149
896 305
346 360
474 293
538 874
300 425
229 29
727 370
285 283
90 885
806 871
453 709
274 450
171 412
486 313
427 54
634 834
980 810
89 443
732 347
346 138
219 392
799 833
905 881
581 926
835 287
668 22
298 952
480 843
636 430
273 750
717 235
6 341
812 137
639 942
252 278
678 798
592 91
419 905
367 583
868 248
1000 304
566 611
347 699
39 289
213 30
506 8
50 310
19 333
57 514
927 872
321 949
415 583
416 879
612 513
767 617
613 622
636 961
182 737
649 871
401 959
187 669
778 772
411 341
306 5
933 504
637 782
691 138
736 545
662 793
899 441
884 665
794 129
795 376
448 845
76 913
629 75
92 599
81 5
511 435
279 553
248 89
126 94
516 724
646 559
791 434
79 332
350 395
267 126
306 728
381 116
366 920
556 312
557 17
965 508
935 660
498 387
137 687
466 530
802 203
639 378
871 599
414 812
557 324
704 792
323 338
929 141
772 533
848 435
460 41
613 125
233 609
256 440
565 107
678 826
630 515
856 764
160 51
773 276
682 88
192 708
563 503
764 332
503 280
855 615
297 519
757 565
640 79
256 996
888 939
246 85
602 693
732 740
329 271
302 563
403 996
322 836
141 104
269 947
34 858
40 69
667 224
61 305
465 968
799 487
231 225
396 58
171 890
297 459
466 434
763 712
602 838
81 521
278 941
390 683
747 220
970 885
845 583
992 133
849 524
794 391
289 565
732 223
568 808
73 334
845 984
361 75
894 127
471 154
272 564
450 906
632 74
318 571
635 777
547 35
729 900
474 285
609 366
756 491
650 312
190 497
82 294
289 896
485 606
479 925
225 726
388 277
790 6
780 19
392 358
817 571
328 600
935 111
795 696
299 691
769 553
493 19
664 257
152 725
34 521
643 653
369 158
133 211
619 762
398 201
350 825
757 664
4 64
186 815
557 876
126 873
937 138
909 935
479 375
65 455
965 572
730 467
900 207
662 628
581 73
64 153
209 928
619 937
696 462
574 467
499 599
706 106
183 134
528 647
568 648
87 944
326 136
827 917
723 868
482 906
11 608
528 278
856 131
707 893
36 53
3 196
41 921
255 302
283 628
336 950
832 811
427 513
466 41
713 120
804 129
93 966
73 680
546 584
512 600
875 796
949 573
349 749
277 112
98 943
979 778
393 497
660 439
951 157
638 5
992 399
993 954
228 849
961 88
29 640
713 338
94 958
422 625
981 21
944 241
29 817
530 886
384 920
702 520
8 532
851 546
584 423
603 453
125 793
952 331
994 986
209 294
473 870
968 981
808 906
630 681
725 715
179 106
53 206
496 385
679 14
368 272
384 597
170 42
873 617
454 208
15 134
808 680
320 450
198 487
682 16
477 692
499 868
316 886
304 854
636 847
69 602
418 129
714 897
17 439
261 490
627 948
687 982
201 675
476 483
496 481
252 623
154 363
881 932
264 487
84 232
978 947
801 704
253 655
202 95
923 213
391 411
743 625
486 799
238 657
330 251
831 921
798 557
999 215
856 159
314 855
213 818
687 266
417 582
235 315
272 207
400 788
996 830
478 749
690 429
675 451
537 976
519 722
444 564
232 594
124 576
107 658
823 120
662 190
958 705
794 366
776 813
63 935
297 991
848 314
699 788
355 586
424 220
970 5
360 468
347 254
521 613
651 998
590 144
638 666
786 515
806 582
868 923
891 362
103 874
860 551
679 93
351 444
389 159
764 75
161 117
431 372
938 378
576 233
151 629
83 803
209 556
228 280
322 197
252 646
866 155
518 263
992 101
853 252
930 237
450 673
415 945
237 359
790 647
645 128
425 101
563 267
290 652
412 357
490 517
312 689
649 854
498 740
700 109
984 99
748 132
697 578
202 224
679 630
577 20
326 65
960 11
210 678
887 608
525 221
896 803
568 576
53 952
2 186
701 831
210 825
176 745
374 716
748 313
624 247
668 438
607 502
166 760
288 854
805 927
945 373
244 31
390 351
193 712
180 775
461 188
276 274
315 508
48 145
11 999
74 230
384 179
77 282
949 998
13 738
536 309
58 57
725 847
555 384
516 922
669 408
724 741
863 966
185 43
299 95
565 840
255 790
254 703
132 373
151 699
243 394
725 530
372 814
122 569
301 624
975 28
731 481
789 513
545 101
433 771
839 383
717 799
755 404
60 614
21 984
651 655
418 862
601 830
13 920
285 979
658 335
531 39
734 738
460 415
407 352
209 665
450 645
186 226
365 278
900 39
633 638
578 137
796 112
265 744
985 185
804 603
308 650
240 64
32 559
338 565
65 363
162 775
17 331
553 494
920 531
401 180
239 644
663 230
723 843
761 252
245 19
709 356
988 445
292 100
279 366
357 602
53 408
965 923
310 320
227 790
563 848
253 778
477 322
271 522
228 600
705 985
828 747
791 465
461 974
500 788
763 902
732 79
471 149
823 928
141 640
241 684
424 285
671 252
289 790
882 431
76 634
917 156
208 322
646 679
310 831
77 96
4 230
817 425
195 493
888 64
146 667
441 941
712 336
76 175
297 685
77 834
977 828
119 203
297 95
13 730
454 628
716 415
365 71
539 702
134 410
321 161
646 861
147 989
721 320
631 221
282 572
999 665
765 535
513 604
635 409
49 434
186 812
170 361
160 321
563 466
85 26
182 908
492 108
682 460
294 830
423 670
201 699
607 10
754 490
938 741
747 434
852 867
465 177
662 740
918 338
252 668
960 452
546 901
999 861
766 568
287 353
877 385
364 340
157 917
636 744
179 921
306 803
499 372
538 749
615 866
136 996
620 820
823 369
366 644
885 168
688 50
372 29
10 568
176 768
874 187
743 386
456 16
371 223
776 675
698 458
371 76
544 903
63 898
524 144
696 541
139 114
413 847
4 607
827 449
3 643
647 218
580 143
327 513
102 895
103 530
620 760
879 413
257 284
295 252
780 584
485 222
177 741
487 917
996 302
548 579
881 666
684 131
899 113
525 877
678 609
254 759
403 389
480 784
178 703
824 245
843 691
471 594
433 580
113 82
199 164
296 477
636 217
655 81
625 72
649 168
852 929
179 57
933 224
806 118
644 85
517 481
339 703
430 362
734 468
311 445
882 603
847 543
300 948
475 646
383 31
28 587
322 725
667 874
291 798
537 602
918 489
171 820
62 691
656 184
340 305
178 436
783 753
163 472
92 338
961 571
429 5
430 806
417 581
642 406
511 409
277 177
407 562
923 507
144 266
382 398
573 511
873 962
121 416
620 574
72 252
54 956
257 94
756 14
337 136
66 15
99 914
461 103
426 843
175 933
381 176
399 273
647 79
873 8
820 513
432 962
312 280
648 658
647 476
744 379
194 836
531 703
15 342
432 488
850 635
159 663
228 354
368 686
864 547
527 344
303 272
365 15
562 953
886 595
159 949
473 86
56 490
936 172
95 971
441 560
904 184
138 531
433 704
307 219
625 116
56 345
60 417
929 868
992 181
283 66
639 543
674 625
549 867
967 20
763 339
446 541
222 228
192 55
249 74
601 413
88 200
967 314
567 147
917 993
663 221
574 488
852 10
999 869
505 417
741 830
960 187
390 562
653 120
983 721
476 149
719 203
280 696
816 474
466 95
124 903
35 142
431 91
33 945
580 530
594 242
611 720
831 739
210 235
760 629
231 643
860 81
110 560
310 54
646 700
667 43
910 833
413 823
100 907
950 70
498 385
831 449
119 595
585 303
470 827
927 198
2 513
367 161
246 850
559 807
907 270
256 156
475 768
797 499
333 138
697 199
200 489
712 968
234 100
212 964
433 945
215 819
440 199
563 383
816 674
565 105
159 792
825 212
826 519
313 424
557 757
136 175
445 187
798 737
26 546
9 816
216 204
749 30
998 747
382 729
769 798
259 440
134 872
990 939
256 998
83 653
545 928
749 320
255 395
766 238
682 338
141 102
14 716
700 507
3 93
369 653
597 877
925 806
767 445
126 271
932 198
334 728
690 16
788 901
295 663
775 649
67 588
818 172
608 189
144 451
456 95
650 629
903 357
463 274
283 904
396 745
951 405
814 608
183 147
850 108
448 760
590 858
312 271
794 679
188 762
615 317
263 232
780 982
533 250
275 742
385 378
366 148
307 685
756 356
959 385
216 765
47 745
816 864
998 632
637 152
360 188
552 826
57 26
595 764
815 695
906 369
322 104
195 266
878 13
434 948
147 111
129 648
77 722
902 781
186 739
982 63
431 303
605 944
571 780
476 836
575 420
209 619
619 764
41 434
192 802
178 845
514 787
79 930
456 887
972 295
900 4
631 994
47 93
527 807
397 62
173 599
913 32
148 875
349 182
919 14
867 297
120 674
980 8
304 537
838 474
487 8
236 264
573 135
377 166
583 306
89 538
509 417
112 405
900 600
631 550
118 671
782 604
221 158
496 899
797 853
101 632
616 916
361 267
641 713
689 197
249 702
569 927
328 43
182 154
920 303
944 186
81 789
742 66
10 283
619 277
305 333
594 77
392 960
154 538
963 256
926 404
809 415
733 950
935 350
718 26
163 601
42 682
102 606
967 606
329 990
898 655
846 873
631 493
298 963
34 841
623 121
739 916
312 897
893 387
381 751
591 844
282 750
688 421
378 343
902 944
132 108
227 238
393 408
86 255
914 42
660 698
316 880
613 742
416 838
956 832
443 639
406 353
703 501
209 881
894 224
771 365
937 117
406 464
317 779
579 712
140 260
13 18
837 474
883 810
136 675
653 962
835 995
253 638
200 17
795 401
926 933
233 498
947 330
452 788
878 822
370 653
166 722
244 150
740 819
376 6
304 355
213 669
490 114
224 74
187 62
158 749
708 765
384 314
656 288
323 831
140 735
889 907
695 15
15 387
655 506
868 577
267 164
456 235
111 949
383 944
223 687
278 548
314 376
759 926
835 550
251 687
180 353
732 342
716 627
330 921
315 926
523 213
262 891
670 4
119 285
13 656
506 706
17 597
90 5
271 104
517 768
480 829
797 48
677 586
555 765
755 442
226 692
484 748
527 456
786 178
588 234
881 112
591 977
268 512
1 923
866 375
98 237
932 512
397 501
592 267
98 92
330 1000
576 630
783 385
914 304
771 329
368 250
574 286
942 290
66 965
508 978
307 361
236 449
221 435
59 472
723 945
755 66
563 88
514 364
334 765
634 463
515 106
845 719
131 853
408 494
753 346
192 62
608 861
770 36
439 179
810 805
997 613
135 154
118 630
451 321
144 375
309 675
862 593
993 774
483 880
894 70
93 701
591 162
168 524
613 422
885 385
524 345
512 689
789 75
78 571
64 988
599 868
813 116
195 98
390 153
497 207
635 545
90 118
440 89
482 746
894 621
40 750
556 782
743 908
9 85
835 321
678 825
55 858
95 921
26 688
192 680
464 717
122 793
982 387
587 369
881 28
497 267
170 371
8 106
83 942
778 626
711 208
860 986
535 614
937 147
953 977
133 414
961 53
947 966
86 406
986 608
203 342
204 997
649 880
282 875
504 951
801 541
350 410
460 718
800 339
69 306
127 76
996 77
170 951
376 352
526 296
749 609
54 569
832 83
12 101
704 157
361 302
556 505
353 850
763 737
513 298
70 465
201 262
129 33
666 248
603 687
732 912
769 241
71 953
419 296
684 484
557 114
577 860
199 283
854 988
560 620
965 477
826 117
537 254
924 650
714 631
432 828
307 696
366 149
377 638
940 156
462 744
814 637
32 130
216 766
638 833
533 475
882 143
275 455
918 687
211 793
910 946
747 827
767 147
678 635
769 701
128 291
437 295
755 340
187 64
263 687
158 387
967 923
159 878
364 748
646 372
85 198
657 589
899 536
276 569
960 538
371 194
363 445
473 141
867 713
789 878
721 471
522 640
616 8
801 479
658 448
182 898
473 830
660 534
783 528
298 435
544 39
356 717
412 687
575 477
182 829
476 538
463 514
541 390
908 911
156 676
123 699
531 400
473 984
737 699
757 808
460 754
920 536
139 603
374 812
788 836
550 303
899 101
973 940
596 217
870 86
625 639
737 901
610 397
847 456
170 826
64 297
525 116
233 422
692 731
145 898
770 125
918 45
558 4
727 663
582 254
106 207
803 255
220 91
239 489
404 786
941 21
162 348
842 426
236 973
909 584
935 712
884 144
393 737
232 279
450 498
620 762
975 313
243 185
654 829
942 580
466 616
508 19
238 508
263 141
379 294
806 601
169 548
740 213
423 235
356 222
673 244
506 687
319 320
647 664
336 162
268 831
368 275
60 697
899 883
209 453
601 971
986 151
355 340
899 628
951 997
947 864
14 73
678 976
181 728
477 689
191 420
717 519
958 307
961 253
946 363
213 856
30 870
216 873
938 711
10 902
621 140
853 424
212 32
433 277
880 122
168 70
709 563
705 353
875 177
896 858
808 118
62 689
376 408
714 64
628 654
684 616
675 375
359 198
362 38
254 488
951 386
924 707
768 546
867 768
788 668
385 135
371 42
114 174
328 983
770 274
386 907
646 865
150 624
29 865
1000 984
297 380
219 31
519 2
746 260
547 845
567 278
384 871
60 904
8 563
336 96
688 149
427 187
897 447
838 810
68 718
161 484
604 904
256 464
630 648
228 436
751 78
512 129
768 315
554 260
682 209
607 256
559 454
670 438
963 712
686 698
986 875
312 854
332 297
557 800
706 952
595 328
161 695
293 82
226 919
338 701
174 687
981 37
730 487
911 846
435 129
421 686
387 34
541 477
191 708
341 311
35 628
622 664
473 999
148 957
717 700
904 584
960 415
840 869
17 178
974 752
222 885
944 899
672 370
396 18
35 338
610 450
918 395
960 189
320 730
197 74
110 869
440 849
735 718
11 826
432 286
415 20
456 475
162 277
2 842
698 646
757 292
119 783
181 627
158 857
400 828
254 230
805 766
220 434
797 574
870 476
513 239
785 642
551 627
646 845
997 983
779 108
267 848
140 546
495 478
405 962
15 263
838 404
14 902
702 455
462 572
600 989
251 827
12 891
548 645
218 32
935 71
369 404
81 280
635 913
156 366
324 948
75 326
717 139
773 137
186 565
886 514
423 768
17 705
401 290
113 24
167 319
868 152
669 985
434 426
90 312
132 37
8 107
938 242
393 345
213 62
734 368
330 890
791 731
518 625
118 245
191 619
112 62
568 787
541 417
897 931
620 414
809 121
502 374
127 79
611 818
875 121
934 562
241 716
775 634
986 404
795 344
992 4
648 550
253 167
989 2
93 77
277 134
79 14
227 795
125 348
996 628
804 105
681 738
24 667
336 605
929 744
245 675
282 351
182 188
296 559
885 499
667 544
45 140
275 85
836 169
732 803
529 583
750 947
399 437
208 438
478 970
434 291
275 744
385 376
594 502
854 588
674 446
492 645
838 642
833 116
333 499
794 583
48 365
581 669
307 552
452 455
458 644
856 783
871 708
86 900
532 38
955 681
185 808
850 577
476 983
902 771
435 144
707 361
484 726
955 887
152 584
891 117
288 152
700 597
293 409
556 529
99 70
173 691
48 824
964 894
434 289
625 50
25 826
346 565
735 61
792 647
100 346
592 800
521 573
136 427
394 906
570 348
182 818
255 472
369 589
563 245
567 645
109 899
148 885
653 988
482 166
50 115
268 446
878 937
295 855
867 440
346 198
469 764
480 171
389 779
864 240
256 924
624 963
699 320
476 95
866 723
318 878
671 814
247 577
867 258
569 812
385 9
280 865
98 568
483 826
390 282
48 205
129 12
702 835
71 279
837 340
715 824
366 852
497 987
439 920
461 64
337 50
893 93
451 54
39 227
176 596
205 123
295 117
745 94
181 40
930 56
380 999
168 995
6 7
379 313
17 990
73 938
534 553
556 945
565 909
489 570
623 123
34 637
814 366
63 464
90 478
626 60
959 234
800 865
268 911
804 809
448 782
808 684
146 47
833 239
326 300
679 360
368 498
496 762
43 714
310 524
861 554
592 289
156 794
715 45
771 367
38 338
673 985
961 877
523 930
448 88
670 791
930 928
164 140
148 777
809 177
115 726
596 143
373 18
395 976
676 295
466 27
735 836
611 842
10 761
28 610
747 122
947 332
442 268
153 215
779 647
230 487
927 263
486 125
538 34
461 689
98 621
139 181
247 80
659 970
422 804
614 200
797 936
37 687
721 662
902 365
381 179
853 515
565 557
508 338
721 807
498 408
150 625
358 825
564 747
431 828
824 600
755 64
749 946
205 31
43 332
119 505
410 789
285 391
242 996
280 313
191 45
968 870
164 959
381 431
419 686
775 437
754 143
446 452
177 881
217 956
843 848
793 717
901 112
744 939
247 232
378 361
765 619
308 412
721 397
298 342
47 817
144 624
435 19
700 541
795 819
668 35
248 708
908 626
305 515
587 437
400 281
773 872
460 597
759 147
359 289
914 302
814 495
541 589
567 717
606 141
554 1000
523 666
218 965
420 409
5 801
124 787
287 203
37 400
41 981
245 349
837 121
554 669
888 447
356 582
177 102
907 862
5 281
935 941
572 873
427 801
862 525
304 111
270 820
97 575
917 19
444 843
12 391
772 877
831 450
778 218
724 626
175 954
534 925
168 812
371 807
337 907
945 724
214 307
293 928
831 160
742 965
232 14
547 761
966 140
532 3
552 833
422 415
226 628
43 86
190 139
764 244
472 940
512 274
293 642
720 114
165 110
389 255
872 77
148 170
125 575
76 101
564 178
322 293
847 781
510 460
282 599
601 179
584 959
52 893
291 671
578 133
304 786
835 526
584 782
568 403
696 328
113 458
834 562
740 689
185 128
97 830
648 442
997 257
45 694
670 879
933 169
307 327
145 352
18 750
847 321
758 164
575 982
526 302
452 735
805 861
218 985
112 364
793 701
956 223
253 917
2 13
934 642
719 168
832 964
483 944
317 644
232 752
534 87
702 981
59 53
757 406
336 606
943 545
588 660
908 455
719 974
871 771
750 332
664 987
261 435
414 83
732 506
367 81
464 208
284 619
836 72
674 447
168 776
501 880
536 51
481 43
423 193
262 833
506 649
440 119
425 485
632 523
302 883
172 598
986 14
551 90
365 67
650 19
919 726
61 714
584 765
513 551
972 124
520 325
833 258
117 871
873 513
749 110
416 974
592 183
358 994
835 605
428 925
161 38
839 125
587 492
770 644
199 994
716 200
207 503
189 72
781 260
326 483
347 900
829 24
957 67
799 672
597 830
951 613
496 329
919 11
53 91
729 269
947 194
842 20
951 666
53 843
120 788
601 331
982 984
607 421
888 281
822 540
20 591
666 56
987 588
744 112
129 402
439 245
611 668
157 548
124 569
111 813
889 915
376 826
799 26
413 843
509 994
435 963
633 406
673 575
275 263
868 654
580 26
621 946
470 870
436 818
826 134
115 373
261 329
606 754
832 827
682 985
555 349
21 713
189 567
890 676
749 233
29 46
93 253
203 839
298 81
742 552
142 998
180 93
787 495
937 446
241 25
125 372
873 620
431 460
380 420
687 767
339 613
856 697
393 413
565 223
344 461
146 191
754 296
63 519
377 267
506 97
895 969
401 11
740 762
78 961
123 744
537 828
368 209
310 387
60 255
946 248
813 428
587 246
145 415
292 474
774 962
919 47
151 385
616 582
637 868
654 296
492 793
588 532
793 708
278 12
819 280
418 643
843 430
130 15
719 243
740 830
814 29
106 158
514 169
699 58
136 787
714 288
435 769
992 66
629 147
611 696
558 401
709 162
949 540
805 728
440 516
647 972
647 165
542 901
428 221
233 51
659 683
767 906
91 445
897 98
573 733
172 218
428 364
396 914
521 543
206 777
194 977
402 268
470 915
472 691
859 33
896 85
973 25
258 862
850 740
355 734
46 801
180 275
492 605
241 219
264 878
872 451
512 20
643 810
147 59
290 38
156 187
378 263
768 317
248 999
617 418
284 23
972 352
450 779
155 35
834 165
321 30
428 982
932 534
425 104
504 559
446 694
892 450
734 293
610 783
256 798
577 126
647 834
544 97
946 263
497 469
148 920
916 801
60 131
407 942
139 532
123 613
434 115
899 46
923 180
619 773
197 423
371 460
995 518
275 311
717 692
934 615
850 354
443 88
435 285
16 150
26 281
383 738
741 540
957 591
541 944
391 41
608 975
847 160
461 805
547 188
41 515
148 209
547 13
395 264
788 289
347 160
366 252
217 101
461 152
180 320
384 837
586 736
289 216
418 444
717 56
920 806
138 815
785 202
530 605
894 912
406 992
584 706
221 959
261 228
941 850
768 392
811 362
80 496
373 940
227 99
637 147
948 129
334 864
688 846
620 265
322 452
530 33
630 342
208 16
819 161
60 167
425 870
64 34
585 960
287 392
914 418
663 253
574 392
745 778
248 302
193 627
35 368
273 443
516 257
41 935
874 572
11 715
444 411
375 123
447 596
438 185
742 459
525 303
549 441
54 969
400 736
220 481
266 976
558 457
798 472
121 604
163 835
457 610
738 725
977 363
10 242
214 626
200 220
555 594
646 815
599 773
485 165
380 989
163 929
703 827
206 833
744 296
11 373
267 975
950 320
370 118
578 691
116 630
355 790
873 853
768 199
937 480
699 561
167 255
924 986
707 474
160 887
684 455
307 968
734 929
82 830
651 515
712 719
38 251
994 645
497 347
481 574
613 893
717 829
213 111
623 436
570 544
294 928
756 843
618 852
912 559
485 859
71 22
593 530
977 755
652 673
891 853
485 940
986 579
203 375
353 326
209 485
591 963
448 126
322 603
714 841
255 427
183 670
738 83
386 956
31 986
73 208
491 193
666 359
830 562
853 755
144 5
308 824
866 894
546 864
943 998
323 553
361 382
841 164
453 150
40 325
187 22
806 952
727 452
249 721
509 159
129 401
385 15
764 667
107 619
310 67
528 833
439 845
334 69
102 993
174 498
451 171
290 247
892 404
6 219
31 316
619 615
326 342
979 622
723 763
360 510
413 108
481 740
73 991
494 105
368 17
99 603
603 475
472 583
38 938
755 132
854 969
727 58
513 864
933 599
309 205
845 395
321 279
229 934
394 589
48 173
345 153
458 408
21 938
613 768
652 912
82 840
321 128
268 905
91 570
368 357
757 725
355 97
636 214
584 617
895 635
71 101
164 601
347 709
188 327
118 128
834 241
801 504
550 29
806 107
792 741
5 664
377 507
781 184
250 218
13 14
431 985
524 670
620 119
412 940
549 61
362 710
758 237
390 587
887 523
177 158
675 747
788 970
53 991
615 576
266 988
654 587
607 553
314 960
847 94
723 100
119 951
780 37
668 692
399 346
2 346
230 199
204 258
290 168
148 318
684 280
977 290
546 473
124 717
237 618
904 802
591 379
320 783
430 743
590 1
202 846
190 435
814 585
345 426
829 840
591 409
522 176
853 180
358 980
845 478
263 611
986 84
881 266
894 49
293 748
203 79
403 420
167 135
812 696
650 175
669 65
686 865
377 603
358 822
898 945
632 691
138 618
13 622
731 697
521 43
136 7
857 195
269 341
18 496
173 761
815 318
50 324
86 398
620 163
335 357
820 279
198 508
645 428
27 973
122 453
571 520
398 596
941 461
887 638
266 670
321 170
782 766
418 565
645 590
478 401
460 900
690 105
908 176
267 312
178 341
576 64
27 664
505 646
639 47
144 476
941 201
286 262
803 184
714 325
733 167
491 580
607 658
765 705
314 87
386 424
25 24
387 897
392 821
309 138
471 143
571 37
185 994
727 446
506 814
12 385
298 722
975 700
320 934
444 820
299 374
251 734
927 825
803 359
381 367
932 403
492 563
259 850
759 751
850 713
467 919
798 953
379 227
553 890
241 198
469 816
172 620
670 247
124 149
609 775
460 183
106 791
725 653
738 657
790 859
208 823
504 440
412 417
454 812
131 475
597 334
725 495
781 397
484 531
658 472
640 740
792 506
633 512
261 755
342 512
716 704
420 842
424 397
231 858
174 825
913 63
653 519
66 227
814 265
84 46
529 111
838 499
571 217
432 111
573 126
438 80
526 300
420 447
983 752
231 111
987 757
605 190
537 646
59 198
978 272
482 707
840 497
414 292
586 221
1 321
789 280
917 339
337 297
569 902
396 742
127 652
571 756
375 646
653 458
859 733
586 959
189 990
814 679
214 627
250 936
328 786
438 331
228 779
500 560
492 640
129 880
315 621
1000 179
215 908
197 641
200 443
402 811
715 193
590 16
116 631
926 238
158 372
142 665
199 408
518 20
812 753
247 396
229 897
782 425
488 261
181 814
935 245
509 816
977 839
483 10
63 793
677 526
324 826
130 963
536 834
773 123
436 672
209 622
787 888
859 468
401 156
203 8
41 437
777 457
339 568
981 105
194 333
468 924
911 786
571 997
273 90
381 921
959 550
17 93
499 943
5 564
129 803
227 380
209 921
448 127
636 512
969 691
291 923
383 97
60 68
406 440
652 384
891 690
857 838
606 75
183 782
701 973
944 590
541 404
505 348
991 516
499 378
705 443
176 322
432 257
988 270
153 105
779 749
871 67
139 138
486 39
609 48
42 851
3 491
376 641
560 924
28 942
233 196
765 59
970 739
793 42
98 934
138 465
82 699
551 679
922 497
462 302
428 138
447 446
776 283
626 631
552 622
315 905
917 186
849 156
209 125
872 715
466 612
51 878
200 328
629 753
208 179
741 23
483 507
