949 1736
539 441
575 303
408 207
11 663
782 640
128 222
259 571
425 455
856 665
929 428
730 122
947 496
605 553
43 755
829 743
407 305
781 580
140 153
917 575
535 603
351 244
727 856
361 26
823 293
509 573
793 882
596 97
855 291
909 711
403 948
850 276
542 742
288 79
200 750
491 31
129 507
866 500
314 482
587 224
585 725
698 585
474 290
827 347
495 770
905 515
883 365
96 9
338 820
484 61
311 747
555 322
830 157
359 784
26 544
201 24
241 622
938 233
168 676
432 292
142 306
554 850
383 780
523 123
505 498
535 414
749 927
282 32
554 906
260 767
947 565
627 230
113 298
758 879
888 250
173 528
530 390
186 908
62 59
837 5
291 269
900 187
926 158
32 105
287 885
621 687
604 899
311 622
149 810
137 120
304 760
915 914
828 925
282 380
637 11
253 684
45 171
85 569
237 345
644 740
877 717
425 554
191 632
127 469
295 745
612 445
463 856
296 535
179 580
168 879
805 81
824 479
720 336
832 665
656 924
552 179
733 642
4 245
246 639
342 66
422 490
448 6
677 187
437 44
277 557
648 399
851 63
716 652
272 176
190 880
504 140
657 909
268 119
553 135
331 721
208 453
155 120
430 664
1 6
343 73
518 491
741 374
101 604
946 747
482 673
85 611
301 614
145 948
442 486
561 946
513 823
454 747
313 652
284 528
838 924
929 912
948 417
681 765
846 154
927 96
584 602
372 223
396 50
159 726
156 376
505 875
239 611
79 735
570 112
664 245
569 836
432 68
38 94
721 578
81 803
353 710
229 822
764 346
189 51
291 82
476 78
275 700
138 28
587 209
438 182
764 482
506 478
162 899
321 408
47 237
657 873
897 48
205 507
436 689
830 410
819 26
351 2
139 914
14 118
859 471
129 54
665 735
946 497
250 105
181 423
241 703
120 308
875 426
235 779
722 762
817 323
158 69
324 341
1 736
132 544
654 339
589 211
852 38
275 472
919 117
119 289
49 240
32 168
263 664
692 318
437 677
279 935
358 19
136 692
531 86
832 652
367 400
595 552
726 258
167 857
849 258
188 660
461 642
426 356
209 455
559 884
693 887
825 858
509 705
131 412
225 327
614 219
890 493
874 60
231 162
398 543
404 835
664 502
938 822
575 842
263 195
764 63
712 450
144 831
861 9
864 856
687 70
284 14
86 733
179 215
438 149
576 310
615 672
448 244
331 513
703 536
799 867
654 471
621 21
492 821
708 483
684 443
857 460
656 668
539 616
231 323
912 299
288 360
721 414
23 87
230 691
105 463
782 659
399 821
333 92
776 616
633 430
92 915
590 60
942 275
636 119
251 211
895 364
553 16
132 88
614 699
704 830
749 652
254 640
898 658
931 892
341 617
855 304
712 34
214 109
415 745
948 821
386 699
424 52
822 828
533 429
867 780
100 390
658 836
642 759
443 389
378 761
291 130
681 270
506 898
293 800
8 592
427 595
154 825
687 401
567 752
695 337
899 599
721 385
478 854
639 695
128 734
129 126
919 818
33 402
479 212
567 918
714 102
809 572
55 361
127 193
772 327
330 510
577 492
939 645
796 349
482 661
936 413
183 143
902 620
947 840
855 595
751 119
171 76
679 75
916 271
459 125
785 681
80 261
559 34
372 696
303 181
348 372
131 380
728 917
857 567
554 164
298 720
686 18
195 104
72 808
776 639
36 195
700 186
224 680
801 323
14 709
255 708
331 918
51 726
166 206
759 197
412 823
731 505
514 235
825 697
758 391
77 720
946 309
261 883
821 595
608 865
613 838
421 424
642 873
873 445
412 321
111 400
523 7
655 514
592 738
59 743
877 74
184 329
874 102
12 473
322 788
52 267
788 797
720 640
353 455
812 842
874 316
893 624
117 279
440 49
573 463
540 243
639 712
82 649
327 731
280 861
805 669
524 814
222 13
529 715
641 590
365 70
151 591
188 827
866 547
503 519
803 206
529 11
188 938
525 293
545 548
621 422
87 526
126 106
237 850
311 353
724 14
852 59
736 468
239 190
114 571
775 615
787 471
57 681
210 535
942 817
763 283
582 134
794 414
194 674
854 715
838 529
269 266
442 846
810 587
495 375
852 66
943 885
716 319
129 166
587 554
273 678
73 577
6 554
469 421
111 110
227 56
360 649
861 783
63 88
168 142
704 64
279 817
271 705
719 711
904 848
296 471
760 891
542 215
668 537
79 661
657 422
543 13
887 724
147 631
455 168
494 310
155 219
140 269
129 495
176 633
33 523
935 622
338 728
564 417
246 703
862 633
62 29
544 268
890 63
706 733
799 552
827 947
599 730
293 202
323 282
89 387
507 924
279 401
724 597
387 13
439 139
481 426
649 72
556 720
729 800
642 332
499 884
197 366
158 570
360 141
34 850
127 558
131 171
152 846
543 504
582 534
342 156
185 343
685 791
473 774
453 280
400 668
6 493
317 910
67 666
567 217
550 179
271 438
222 448
298 618
315 344
238 245
221 67
831 709
586 580
609 685
526 474
681 83
885 889
16 835
199 615
131 264
378 400
291 590
862 897
449 443
196 945
603 275
529 660
821 638
271 230
111 487
703 163
446 344
487 195
163 44
21 641
300 550
84 125
570 369
471 289
628 626
817 627
909 664
578 352
106 570
161 939
842 732
944 383
138 528
166 66
61 888
649 575
856 352
915 703
792 604
578 799
248 720
638 75
30 828
307 89
57 207
812 681
135 695
193 693
322 614
895 871
661 572
311 93
175 754
933 860
163 529
59 925
191 71
364 633
474 668
678 437
57 103
181 21
568 575
405 529
533 238
846 31
317 201
209 832
949 675
199 805
667 930
409 355
262 528
287 552
328 2
718 862
594 664
208 125
398 867
646 687
895 900
864 365
240 535
684 389
942 128
618 31
848 203
848 528
483 429
75 90
610 118
540 928
619 665
106 386
811 613
748 287
327 266
857 78
689 274
671 843
913 60
749 899
938 76
888 473
357 501
34 271
787 161
577 376
273 589
176 68
861 363
114 125
522 609
228 501
448 931
917 154
743 899
415 876
783 491
225 861
135 552
942 253
600 468
601 458
202 391
207 58
764 340
508 288
201 562
456 189
111 901
940 117
233 698
229 901
430 325
86 443
380 874
24 633
69 833
432 819
731 803
329 748
53 302
557 269
392 385
156 23
291 895
921 15
133 353
672 674
358 915
238 197
460 524
426 51
249 295
57 322
630 714
499 939
658 687
779 13
914 709
610 638
115 226
667 903
757 870
553 819
455 482
940 350
791 510
358 554
298 299
190 192
508 310
326 566
558 149
157 772
140 393
128 123
238 191
863 135
439 561
8 470
635 364
513 389
806 727
809 95
39 854
470 216
681 405
754 709
225 420
57 523
160 479
60 239
43 353
78 687
247 12
269 512
94 844
166 50
448 307
748 902
922 551
137 454
799 458
747 464
34 838
1 409
279 386
425 450
682 310
830 397
940 232
198 28
759 547
139 590
948 516
553 761
770 750
390 422
783 746
665 545
633 564
667 648
267 371
512 375
62 752
216 846
61 127
849 711
397 860
903 533
930 931
674 70
87 255
837 89
645 621
578 801
116 224
172 927
764 532
473 424
570 754
384 66
635 411
619 69
359 315
146 401
484 767
819 564
330 709
82 56
835 404
840 735
141 625
254 671
257 92
831 899
703 405
309 219
740 827
64 268
782 410
267 763
749 947
509 889
38 186
811 390
709 522
139 171
115 792
918 740
62 720
47 809
84 549
73 268
921 395
633 913
225 908
914 624
934 281
275 697
573 301
694 116
721 938
150 177
464 823
567 160
271 850
491 597
869 542
766 591
72 599
698 349
481 722
296 86
465 531
672 37
636 878
358 278
197 924
698 614
200 581
537 732
383 929
230 395
720 470
246 838
262 556
110 241
519 879
80 862
465 427
448 365
469 137
143 157
338 17
386 24
371 458
656 816
920 144
423 455
73 178
940 194
636 587
624 893
754 241
760 685
744 338
176 532
819 897
487 535
509 59
466 327
534 840
384 206
828 362
642 559
921 899
114 940
456 747
882 644
433 447
8 702
405 676
135 432
928 566
682 283
53 146
476 101
338 569
342 271
363 150
248 769
557 441
893 822
531 738
774 369
797 123
764 581
285 754
306 857
935 205
760 303
228 343
619 20
454 913
863 928
576 449
395 64
706 659
1 228
641 211
448 830
768 247
369 390
354 562
419 669
390 858
344 541
899 557
630 137
427 694
816 924
230 756
547 796
417 39
927 585
641 397
37 888
673 540
285 302
289 811
680 698
455 276
24 627
287 618
260 917
486 142
294 486
832 51
633 149
470 39
25 873
797 70
883 529
920 687
558 582
797 652
413 600
127 149
457 780
66 146
195 554
948 545
269 613
893 885
242 499
704 895
249 437
322 443
517 394
84 353
854 400
927 716
570 414
886 609
426 374
907 912
197 827
882 190
805 882
442 831
96 742
619 533
676 225
142 328
73 12
807 404
717 161
936 707
831 274
597 507
767 925
829 728
828 832
761 309
417 408
878 383
898 329
810 909
429 571
907 887
378 734
698 473
820 246
363 200
385 783
633 205
689 867
619 494
344 704
729 264
862 77
596 377
160 120
286 237
205 483
316 701
649 821
797 42
182 775
931 62
131 666
795 521
631 888
173 11
48 433
837 36
838 434
56 924
793 902
834 64
415 276
723 85
495 776
373 847
49 905
362 870
589 485
784 595
589 811
57 784
810 836
305 148
414 374
698 933
57 462
148 326
829 174
831 158
154 486
51 351
784 896
293 55
666 563
594 52
354 945
415 803
262 681
581 842
165 434
137 209
399 186
312 841
79 824
32 88
713 572
419 274
629 458
447 320
838 816
12 483
208 520
136 906
174 198
344 557
111 467
593 304
151 39
136 708
120 457
796 536
680 769
701 117
95 410
500 362
342 892
200 59
473 195
666 335
926 366
696 165
559 721
456 537
282 704
65 240
504 773
68 784
329 254
882 380
256 767
940 791
742 399
418 931
675 527
110 549
398 766
240 670
847 277
631 610
473 386
498 855
888 254
24 296
803 30
327 836
680 926
311 757
361 167
874 771
729 60
395 272
936 183
838 377
38 539
240 627
479 10
322 668
852 615
327 829
182 543
558 689
49 362
56 623
163 821
882 541
593 598
597 459
346 248
809 699
612 755
611 589
282 723
357 203
68 781
659 418
471 320
630 97
653 732
781 487
287 756
143 718
437 813
49 117
195 672
227 941
536 431
442 616
412 628
541 237
836 789
894 31
86 202
824 31
219 829
771 898
832 660
640 625
652 700
322 26
10 82
35 166
166 26
498 1
64 662
304 624
138 523
809 137
817 563
871 778
378 7
655 403
570 275
914 917
127 618
534 446
721 168
61 583
873 418
21 458
64 137
134 428
201 864
295 172
248 784
499 439
436 751
946 13
530 131
218 631
332 6
886 741
620 382
178 809
35 688
374 493
336 531
877 395
291 888
440 595
719 408
495 354
443 607
922 45
529 133
864 185
545 103
725 872
221 695
774 133
84 396
261 514
892 410
736 28
221 633
729 550
730 476
333 606
434 589
439 305
298 845
319 748
360 610
558 742
26 447
375 512
30 702
487 491
310 734
245 832
358 28
360 843
676 420
324 337
296 637
522 801
568 95
236 181
517 106
228 4
928 434
679 458
353 939
901 583
131 660
677 118
493 906
94 733
455 537
132 877
81 771
340 303
746 134
911 33
571 871
220 180
772 377
757 459
530 879
577 443
595 580
767 504
751 516
592 846
222 807
244 686
10 767
689 69
599 432
213 245
505 932
223 369
910 250
345 227
554 703
387 89
479 40
786 763
588 79
793 708
225 880
909 283
668 812
218 154
171 413
83 335
110 226
245 47
255 699
330 850
41 848
502 651
332 897
757 53
596 771
724 162
581 818
859 944
767 539
682 289
210 436
943 625
635 457
731 788
550 488
3 685
691 792
217 84
201 639
237 361
517 439
3 603
410 388
357 202
303 471
883 142
866 791
257 735
299 300
431 480
751 683
41 817
702 101
284 876
1 579
275 595
65 942
896 720
831 479
715 456
113 544
16 814
552 368
369 850
719 603
135 608
637 691
842 946
607 827
379 540
306 682
753 370
703 402
207 889
710 579
399 701
701 46
793 309
542 711
559 751
286 257
718 851
826 736
187 204
51 716
272 915
275 20
541 316
503 74
158 419
821 97
81 227
265 447
862 123
152 434
28 649
144 353
438 71
632 854
172 407
896 379
332 589
741 743
233 619
253 461
900 513
890 591
137 109
87 74
328 843
95 337
795 39
374 264
179 343
218 38
86 881
115 880
831 674
526 98
748 649
838 165
787 882
727 858
707 746
907 630
783 486
224 126
333 511
564 186
894 239
866 532
596 192
605 418
219 162
734 178
599 202
177 167
57 666
85 806
45 541
391 252
731 212
786 449
771 431
704 756
427 680
645 730
709 163
69 201
669 483
315 819
600 750
848 626
870 755
178 185
767 723
806 362
921 551
854 102
254 184
597 192
946 943
891 530
40 883
738 163
259 403
874 854
50 161
113 508
13 550
388 30
393 941
586 849
770 392
621 691
721 167
616 318
470 907
585 106
649 768
544 58
428 118
264 497
625 677
350 373
731 743
199 656
628 518
848 825
66 794
71 929
899 503
154 162
84 362
837 175
344 588
916 143
738 849
890 46
365 528
174 835
406 434
48 558
768 61
343 578
87 649
291 306
274 294
940 528
66 900
341 270
727 212
527 491
660 712
508 220
371 798
643 202
814 275
216 588
605 356
932 673
837 145
916 714
497 931
793 334
317 782
656 562
687 377
56 467
402 67
701 445
305 423
726 80
489 386
76 368
885 108
260 513
655 461
417 281
882 56
650 812
868 123
455 157
112 525
519 578
593 911
710 358
289 525
550 511
113 223
686 192
944 303
600 385
751 81
363 137
44 128
856 304
250 3
270 315
793 884
528 391
439 534
903 845
380 14
512 910
644 895
131 497
82 124
806 464
868 105
212 533
817 733
568 911
24 685
332 478
831 313
802 17
174 764
708 270
225 145
474 644
98 283
945 306
790 625
749 651
484 83
675 928
638 820
553 28
665 736
95 397
595 611
337 364
465 212
366 458
409 792
232 768
602 252
490 527
312 2
383 930
836 96
13 364
145 489
716 42
112 243
834 189
397 409
459 285
574 43
265 36
728 908
250 39
802 856
179 97
158 674
917 234
401 627
440 487
7 935
301 646
308 275
440 86
26 915
398 467
827 709
7 254
874 340
402 1
222 219
655 389
293 505
168 19
739 137
278 72
637 324
601 614
654 561
702 610
8 415
444 200
742 867
426 745
326 625
409 843
746 36
947 272
507 431
550 800
94 669
667 708
920 178
899 664
274 352
240 523
351 850
379 403
917 330
740 514
66 132
711 714
466 871
818 400
692 231
766 42
180 454
436 104
130 536
521 883
120 286
342 86
491 447
258 417
920 676
745 555
392 93
219 67
933 398
241 725
96 724
188 759
89 448
694 754
937 607
164 433
483 590
782 337
434 601
932 613
165 369
866 478
43 150
544 326
342 390
586 736
920 916
788 139
152 685
798 339
58 238
538 251
187 27
80 516
610 611
205 659
599 583
874 521
817 879
805 229
797 608
875 97
692 728
107 392
619 942
847 891
60 543
405 58
868 166
427 823
915 66
551 868
218 776
475 881
171 661
926 946
379 157
759 374
554 314
60 679
546 157
146 623
940 824
692 83
634 907
716 791
533 498
676 849
796 621
657 238
821 88
609 216
607 573
94 79
364 649
107 192
514 77
649 811
