1000 5000
361 589
765 572
240 901
492 942
642 169
772 402
719 382
64 621
649 636
134 350
338 295
708 442
691 217
218 592
695 966
475 764
422 528
170 735
777 333
269 6
366 492
674 735
566 849
436 660
220 182
827 134
537 167
663 931
23 494
761 347
114 230
119 495
669 600
103 203
505 584
269 479
622 55
50 453
485 769
720 390
166 41
759 16
135 858
996 646
978 121
669 339
778 679
391 411
963 42
871 653
341 898
530 955
107 323
736 977
714 532
693 559
510 767
848 474
49 483
225 893
617 147
67 122
1000 847
602 338
690 680
242 734
668 43
80 735
311 803
868 100
481 238
246 688
707 446
694 448
856 473
486 121
530 102
343 704
877 317
933 123
844 650
626 956
481 404
317 347
27 992
815 123
466 13
838 424
363 958
14 851
625 317
717 540
899 609
901 781
674 934
483 850
563 67
191 898
309 273
994 911
15 334
128 712
555 639
632 953
886 866
226 307
274 126
212 341
909 164
52 216
270 711
983 685
952 772
163 680
587 424
42 622
3 764
243 227
98 761
834 911
728 235
286 408
180 752
720 912
662 87
168 844
922 128
96 577
651 905
576 236
581 728
765 43
471 978
271 263
793 917
290 69
572 732
194 666
411 503
927 38
547 729
479 810
1 908
789 193
189 917
856 650
74 522
210 966
216 151
694 855
492 810
571 450
721 879
293 738
681 985
349 432
576 124
886 547
61 49
318 15
806 68
467 262
141 388
696 272
911 441
308 606
935 818
383 753
383 780
331 471
352 11
80 725
815 935
501 496
998 876
512 456
380 601
35 475
24 32
491 13
314 526
884 985
884 406
298 785
425 687
134 171
744 822
344 80
546 43
44 799
652 278
876 581
393 280
399 582
159 749
653 608
33 120
855 811
225 42
284 280
306 69
407 911
394 415
54 759
804 727
717 227
70 447
77 772
480 653
665 944
669 213
603 273
711 16
796 963
641 124
216 822
644 386
516 916
765 580
260 395
939 653
256 561
651 586
393 923
29 338
583 655
12 763
583 627
439 928
290 501
365 154
256 754
169 764
631 131
499 66
978 231
97 853
528 126
912 729
432 590
70 753
778 962
468 974
398 136
903 305
899 997
77 353
570 465
136 407
391 268
191 627
158 553
751 969
103 920
472 15
842 178
551 132
130 864
720 571
555 193
629 74
650 322
668 480
390 716
462 969
467 737
547 347
233 972
985 215
743 164
751 845
937 385
682 273
327 961
965 789
445 71
784 150
509 77
436 339
807 305
793 104
353 639
939 775
372 688
375 350
157 127
287 295
184 328
571 949
733 649
57 88
845 463
956 54
861 547
719 799
498 647
934 185
840 461
330 222
525 754
605 364
857 559
953 808
18 990
679 407
204 40
776 206
388 167
580 198
140 333
361 309
385 213
568 348
18 164
258 388
596 213
77 647
699 966
663 194
875 235
300 285
690 328
103 285
88 213
815 382
659 85
288 386
348 196
389 624
244 984
871 333
168 223
283 851
196 603
654 838
658 487
586 215
54 553
695 896
572 174
568 950
426 960
82 452
488 500
18 149
313 442
30 155
331 813
407 696
852 100
861 200
557 657
664 881
96 371
540 118
687 586
513 410
411 138
947 697
582 631
641 809
877 275
842 987
184 203
113 27
644 513
494 488
222 539
834 29
113 319
129 540
692 99
515 929
458 313
901 851
947 128
668 559
371 729
889 430
154 900
599 396
448 272
711 985
108 425
182 928
145 260
304 135
819 376
331 138
867 977
830 367
210 802
304 798
897 766
231 120
736 422
610 749
807 592
202 73
832 969
601 73
765 667
987 535
72 483
109 87
39 364
352 46
870 309
391 25
304 129
947 803
87 293
678 341
784 782
845 990
628 402
518 145
265 407
903 567
886 405
210 650
173 278
999 707
943 653
103 352
658 473
783 697
751 899
383 421
39 594
815 975
888 174
797 524
64 944
230 472
228 296
414 191
552 48
733 858
256 66
936 175
826 978
830 826
27 622
563 157
360 875
861 3
968 618
551 57
293 974
865 453
168 115
204 852
792 845
426 724
960 789
63 537
688 537
583 384
270 925
821 787
492 239
112 272
771 908
806 281
153 767
204 928
959 933
637 810
375 247
673 260
584 276
233 714
566 713
231 293
787 780
110 926
249 325
996 240
556 874
940 567
595 756
635 931
671 21
189 600
399 866
492 448
38 683
771 215
363 775
331 860
47 950
795 134
688 385
154 680
302 705
504 120
214 807
412 718
344 737
199 203
699 425
348 57
370 545
801 729
417 86
575 587
950 28
869 735
850 441
138 561
732 215
108 204
878 920
534 453
431 655
367 811
168 915
333 914
818 562
48 782
30 313
841 294
145 164
492 424
225 738
57 560
926 676
168 749
426 74
7 76
620 377
940 589
786 986
641 50
53 676
238 736
204 528
617 600
810 853
800 834
763 694
528 74
712 121
52 620
68 147
792 49
367 195
405 55
65 164
671 283
782 193
491 769
513 981
787 173
471 940
240 851
97 523
576 157
611 763
795 886
578 122
210 887
797 465
391 917
675 707
929 652
841 866
878 164
401 43
230 715
153 237
650 149
335 29
64 901
174 736
412 224
674 783
378 560
786 981
805 386
108 343
789 440
826 434
832 352
903 448
281 388
941 803
763 280
466 632
527 853
176 734
825 839
214 763
317 732
848 352
699 54
387 605
463 179
429 692
835 433
835 772
379 739
112 527
883 307
956 112
721 458
977 608
317 970
690 164
11 54
929 645
61 311
472 88
40 338
186 48
757 76
128 544
509 253
601 586
191 651
518 489
821 85
418 722
431 454
741 984
266 475
676 440
936 453
644 926
59 406
791 388
423 99
745 430
290 473
682 456
910 595
892 746
35 842
559 969
769 273
705 177
954 799
610 527
774 2
63 898
836 194
1000 646
691 202
915 197
964 865
397 533
642 688
700 735
213 167
848 389
367 951
650 330
957 862
157 799
638 456
713 893
330 417
202 112
565 234
945 655
251 55
344 339
125 167
162 147
208 975
383 105
221 350
285 874
919 29
627 306
687 746
773 525
746 559
103 293
53 849
967 473
521 473
631 89
505 496
941 417
155 442
11 36
563 595
403 944
968 1
35 279
326 321
966 742
510 392
31 223
346 503
758 777
939 993
154 171
814 704
1000 71
736 526
735 536
550 278
363 621
953 248
994 961
231 255
681 781
298 683
6 104
62 21
617 911
815 116
509 678
690 965
343 234
821 200
109 38
567 44
39 127
59 107
8 117
61 835
706 24
525 789
420 338
278 115
113 188
852 853
481 123
743 327
751 861
624 213
881 985
458 192
886 735
226 100
238 768
635 384
265 544
820 310
880 489
218 704
572 407
40 224
759 905
355 18
618 475
266 505
231 785
660 984
344 715
181 199
326 559
460 727
863 330
96 417
631 942
647 949
154 852
356 115
85 539
827 563
268 423
968 416
549 50
218 124
970 89
642 746
772 589
493 785
918 489
498 275
6 824
904 679
941 606
156 314
528 371
103 29
893 293
270 765
783 753
655 171
143 667
751 630
821 983
421 453
31 75
261 81
872 683
156 169
288 390
736 816
958 742
863 855
57 788
919 563
477 281
960 392
101 413
945 239
943 620
673 67
713 993
823 202
20 661
422 746
695 6
632 346
904 735
140 734
142 725
531 76
149 88
290 812
884 500
502 120
69 587
36 81
314 789
662 997
790 174
149 798
719 811
647 62
830 703
792 765
889 532
505 181
305 48
787 933
641 702
877 309
960 332
346 850
772 362
629 239
8 930
117 448
103 1000
926 2
837 18
747 739
640 849
218 264
418 301
95 631
630 6
443 872
317 911
709 834
357 893
653 384
416 310
967 875
490 539
684 282
152 368
776 981
797 597
279 738
342 272
695 262
717 695
750 623
343 236
770 633
933 155
275 768
954 112
792 256
820 438
523 432
9 717
67 441
708 68
15 697
696 273
4 673
236 519
572 444
733 373
900 379
24 100
557 198
164 997
227 860
859 534
747 728
289 541
604 684
398 23
772 939
885 974
520 739
761 683
700 671
847 18
561 924
999 994
563 519
267 66
749 171
604 425
291 766
492 600
751 540
516 314
241 216
900 665
340 555
975 306
504 874
619 594
874 470
657 817
918 376
126 379
672 136
864 245
677 670
294 838
832 313
534 906
188 22
743 248
266 972
451 456
710 596
896 587
572 992
936 657
867 273
190 440
994 520
232 569
13 620
620 916
68 483
567 362
625 295
111 739
772 495
97 731
611 683
333 432
830 630
228 525
980 71
268 574
269 233
907 969
364 522
733 196
143 773
791 56
368 522
893 182
633 464
83 521
466 460
455 137
140 13
469 380
749 527
644 507
274 378
954 703
721 789
738 685
506 480
366 829
834 322
525 446
693 812
837 770
35 586
383 118
476 4
95 936
947 319
355 608
805 169
928 536
233 265
31 90
750 806
641 229
128 875
719 296
495 192
868 802
523 249
427 172
998 16
746 969
229 718
43 121
992 916
494 132
978 846
5 338
321 901
33 872
178 339
943 853
201 767
626 255
256 126
807 22
311 45
137 25
738 676
5 40
189 475
852 653
389 580
154 817
895 868
452 338
19 132
147 955
511 442
953 547
387 447
81 120
673 866
870 247
228 310
393 293
98 467
87 38
750 354
159 928
399 559
56 511
555 272
611 335
59 922
1000 734
47 660
726 908
479 772
910 530
88 325
765 236
325 120
491 317
381 173
399 11
19 354
241 195
96 133
701 781
426 961
940 912
593 822
726 330
105 428
231 521
490 639
452 202
471 126
103 269
844 129
24 540
740 114
284 447
874 338
984 121
747 567
35 978
217 334
382 944
807 459
416 172
675 684
773 28
668 697
777 89
538 532
317 742
835 495
112 920
499 518
414 789
715 328
843 287
691 490
498 154
814 78
669 257
122 734
360 540
699 99
519 349
692 838
82 247
494 917
963 596
641 635
659 132
880 715
53 584
312 484
839 488
571 582
666 942
284 596
614 440
464 239
135 881
617 498
466 72
600 651
233 339
144 775
149 661
153 154
256 251
241 403
699 756
3 387
4 275
501 865
708 145
491 154
315 539
876 530
138 542
38 920
863 386
258 130
439 763
831 213
854 195
319 872
859 705
20 367
109 888
606 590
203 511
219 651
331 713
243 411
119 649
481 810
523 529
468 639
288 772
846 989
82 301
409 619
998 359
498 560
285 456
198 193
12 128
825 230
475 307
493 944
259 648
349 574
617 766
119 151
746 297
306 24
950 711
451 314
783 528
481 458
327 738
134 920
826 760
95 582
98 905
617 655
48 916
910 743
31 463
966 85
487 569
660 413
1 104
293 559
220 961
298 570
119 880
393 710
301 949
964 448
503 767
974 667
967 494
971 785
308 2
637 840
438 374
72 325
73 969
119 567
815 74
174 838
943 956
306 988
399 329
480 965
994 654
636 802
189 336
887 121
9 986
438 67
874 517
207 425
674 988
452 8
332 742
97 164
168 916
63 918
229 378
214 203
197 385
87 742
572 179
165 739
719 891
597 408
9 225
815 226
84 789
84 661
642 417
207 399
147 111
53 56
25 788
299 149
635 808
726 592
244 134
786 398
820 142
161 287
18 128
878 561
904 822
702 781
551 977
891 115
855 533
499 98
714 213
839 645
401 598
713 732
679 43
593 653
188 236
842 360
891 992
66 718
490 971
52 854
695 74
552 862
720 638
847 917
495 32
834 379
68 766
444 309
492 653
391 350
592 352
754 622
565 400
942 484
367 456
291 90
627 161
534 319
420 318
386 817
903 884
498 864
816 48
600 306
764 395
909 419
982 763
305 542
761 559
110 647
137 192
884 573
269 574
630 41
437 303
389 405
787 87
12 700
876 169
568 650
30 64
805 84
632 729
365 684
314 718
463 619
959 4
335 301
467 826
431 735
642 256
769 648
291 265
612 504
260 277
875 621
941 906
983 196
830 27
109 418
53 693
5 585
994 552
629 636
832 376
978 507
526 883
321 178
673 453
430 890
804 758
956 93
188 890
720 846
915 882
774 986
370 587
95 447
410 500
941 22
193 120
84 76
637 531
466 761
879 573
895 585
843 607
165 781
187 902
166 606
721 450
885 303
649 624
763 587
934 933
581 539
784 921
857 757
646 526
606 984
805 648
203 667
629 409
867 524
687 521
210 322
83 613
583 458
68 495
760 19
677 248
951 969
511 539
437 799
439 64
355 254
647 561
119 539
581 151
70 526
750 683
343 461
129 406
149 544
258 306
96 985
482 379
153 24
220 752
598 16
543 314
891 589
106 911
474 444
895 630
253 151
71 112
842 865
274 402
188 545
847 302
558 642
425 6
286 137
246 510
446 350
926 193
514 798
621 34
779 462
513 876
648 622
806 427
991 432
955 931
749 257
888 217
962 544
119 174
156 340
191 696
657 665
745 810
771 711
593 75
288 830
182 769
823 781
516 33
510 536
466 7
373 559
118 536
845 497
597 994
451 375
841 488
861 416
312 260
203 160
719 637
210 713
266 759
812 177
294 405
488 69
2 739
769 354
491 656
995 45
226 319
529 766
796 64
49 350
874 76
53 543
678 503
439 33
647 203
559 911
998 165
11 173
638 507
205 455
910 177
417 579
125 626
56 562
203 727
935 332
293 145
894 901
721 267
725 323
778 879
662 770
670 785
442 536
699 105
981 621
509 174
241 784
612 865
668 431
792 959
901 313
954 355
383 524
719 397
17 285
418 533
79 41
475 147
24 377
452 106
504 535
357 219
912 526
216 139
876 284
180 433
401 394
515 14
707 469
700 18
332 911
226 124
300 530
246 123
207 857
384 739
838 224
341 589
312 984
720 53
684 323
237 148
970 432
150 747
157 280
669 996
816 536
321 705
113 409
52 429
180 666
219 961
238 400
735 818
410 263
996 196
687 640
27 915
564 512
656 955
35 873
733 269
316 90
220 429
159 651
983 169
594 405
664 146
190 827
243 120
374 882
512 725
581 528
342 45
430 200
163 448
770 168
311 541
535 104
187 454
301 977
6 276
797 716
134 802
999 386
30 197
910 131
109 914
884 752
91 924
238 296
592 428
166 403
738 880
922 725
315 545
136 141
19 728
649 301
874 135
730 640
582 673
342 249
477 428
937 317
294 473
132 524
848 725
632 354
409 303
199 160
342 437
380 120
843 302
967 29
827 116
495 567
611 886
336 868
153 818
651 162
730 617
197 89
750 417
805 463
823 397
190 596
217 939
671 961
61 506
830 880
634 985
122 914
108 620
159 488
344 562
202 231
737 45
94 41
21 962
792 755
137 887
264 73
788 417
653 924
397 919
949 833
142 565
325 251
72 337
774 78
8 569
208 742
7 949
618 324
854 173
982 923
967 134
698 410
933 818
140 578
936 532
498 198
987 419
523 347
730 624
243 175
88 539
570 473
788 272
221 806
369 902
408 818
878 654
37 915
552 316
214 432
340 875
344 250
952 78
74 469
828 896
486 961
838 974
394 767
825 894
61 476
679 186
845 689
300 704
774 232
975 105
156 488
600 974
981 415
752 853
25 469
1 924
989 377
699 514
830 550
828 697
741 829
208 747
483 728
544 502
726 313
525 759
274 621
308 115
967 165
270 275
275 785
47 50
873 34
464 917
49 460
855 780
981 442
987 514
830 182
1 702
492 374
730 980
416 529
663 990
353 131
922 155
262 392
119 458
45 483
194 831
301 522
821 59
217 582
252 835
110 251
542 131
264 726
210 671
796 954
636 327
84 900
391 330
837 1000
804 413
515 962
20 793
365 877
538 353
719 921
206 403
374 271
753 15
233 639
581 333
893 619
892 469
245 975
145 86
880 890
862 883
439 27
846 969
81 539
426 419
770 581
796 147
836 38
69 10
876 398
108 274
880 969
383 83
113 427
204 185
776 351
445 364
717 449
286 688
582 653
510 696
761 454
184 322
77 534
285 902
807 188
807 874
551 539
340 501
158 276
966 554
18 529
953 852
64 511
976 302
807 427
212 370
506 742
549 988
363 262
53 147
492 469
450 247
112 459
717 120
481 940
462 356
874 646
929 337
324 986
436 839
843 129
862 127
240 986
735 578
855 779
958 964
226 511
725 173
599 281
909 929
786 717
52 569
626 473
330 167
846 324
807 145
499 740
805 375
841 475
846 660
376 782
175 317
140 753
750 469
290 194
992 931
796 22
612 897
821 867
975 844
392 195
581 319
820 376
641 330
181 284
154 666
682 723
772 686
204 88
332 101
192 560
82 307
983 620
12 522
253 442
143 225
37 195
517 329
422 394
189 658
78 752
941 56
300 984
265 309
945 704
361 6
820 33
367 507
252 675
567 329
696 424
555 257
884 585
95 482
807 75
445 36
393 6
148 43
253 550
950 738
312 178
114 66
730 584
813 889
52 398
766 811
105 413
158 401
694 178
876 817
143 722
202 186
718 579
682 352
452 480
239 574
154 313
246 766
980 314
139 362
285 818
750 645
143 404
825 229
883 890
368 328
646 960
831 689
935 521
870 596
462 858
701 718
910 430
125 889
82 509
125 779
988 697
717 992
792 84
224 993
332 322
189 540
750 745
463 536
664 398
447 265
784 259
252 496
136 432
606 424
418 458
274 912
258 630
651 752
80 634
355 893
449 957
12 425
594 222
142 374
952 76
114 460
110 961
776 236
976 450
299 809
11 860
11 227
429 261
514 544
125 716
454 898
626 115
438 584
258 226
796 400
79 133
779 908
616 634
637 763
466 535
766 524
820 55
895 605
896 26
952 231
491 549
630 977
630 410
773 594
389 51
426 999
191 973
658 457
398 259
237 338
129 542
557 107
206 939
23 691
300 911
834 798
658 257
746 164
840 983
158 974
638 547
553 470
398 434
844 824
480 303
962 899
999 412
983 713
237 11
610 615
789 985
716 756
921 536
807 90
996 307
688 196
156 23
381 275
730 188
369 131
745 17
568 536
810 656
77 349
45 255
798 920
381 525
786 576
716 884
988 574
41 239
973 385
966 2
830 265
903 120
869 493
398 24
945 770
983 373
344 13
806 845
643 317
826 432
130 906
761 444
176 193
46 465
340 57
483 502
841 15
479 446
346 160
241 875
836 441
761 41
842 716
315 608
391 714
506 554
13 126
508 794
335 561
812 990
258 103
258 720
168 899
840 352
189 210
695 250
934 932
69 620
253 970
139 559
915 165
473 762
934 148
275 66
582 530
117 368
601 853
154 167
298 644
891 527
289 354
58 782
679 416
310 728
114 898
468 273
173 900
869 359
245 834
937 336
359 985
158 75
531 559
877 487
777 57
996 427
383 697
719 452
825 923
804 655
760 192
725 673
27 323
7 866
417 969
372 408
710 850
396 654
2 200
682 45
3 161
991 752
646 384
837 973
778 503
943 680
658 465
583 298
400 878
694 811
398 276
644 97
516 255
31 135
557 86
492 997
98 797
330 86
505 948
285 894
894 489
125 639
736 338
419 1000
387 572
242 317
484 172
575 536
689 729
418 840
485 663
839 328
396 310
960 121
699 439
149 559
95 1000
428 480
842 104
657 437
88 858
982 613
31 999
716 735
499 12
439 442
152 278
499 10
463 965
733 68
229 581
693 505
786 118
399 984
471 767
606 533
364 759
5 697
702 361
953 653
244 525
144 193
176 246
226 180
148 969
867 173
23 851
223 704
298 681
220 788
158 988
237 879
17 839
549 497
842 333
604 639
59 422
88 129
843 541
390 962
672 351
854 134
288 328
52 900
571 924
843 915
680 271
221 539
699 992
267 33
843 601
795 852
869 432
282 122
598 10
49 349
393 488
837 327
30 983
469 349
35 286
861 150
537 704
899 489
629 106
404 6
868 547
460 560
230 602
83 483
828 626
180 90
825 646
398 970
57 785
644 563
593 906
206 324
776 715
501 951
669 597
353 972
30 107
12 722
416 459
750 239
770 908
241 791
627 608
792 22
708 112
79 816
722 884
637 220
506 507
677 432
680 620
643 608
682 973
60 406
298 633
5 974
299 602
981 10
533 817
537 133
967 988
218 237
130 10
848 227
292 587
169 539
80 6
367 384
612 4
264 973
816 650
411 213
286 963
107 956
37 590
763 232
774 633
60 324
266 928
467 234
566 32
342 248
182 475
20 663
937 315
629 149
945 349
795 504
190 276
279 337
671 912
691 187
52 206
159 539
54 585
431 957
844 478
348 155
21 43
922 422
49 900
671 33
123 375
677 266
732 251
515 461
700 765
934 636
4 879
225 967
298 755
207 479
416 686
317 171
483 200
880 101
733 921
183 504
189 891
923 55
83 338
399 765
599 816
765 40
987 431
627 59
550 975
848 726
613 655
700 421
619 789
610 102
468 271
793 346
290 337
109 747
755 159
973 567
760 413
499 230
107 470
566 654
290 704
202 149
790 626
97 493
721 793
557 179
117 294
558 372
701 619
357 93
893 123
31 284
624 902
823 784
717 301
130 329
57 735
477 756
326 57
129 349
618 346
547 882
971 686
821 929
276 271
956 76
477 410
707 860
726 436
797 671
303 727
423 554
398 339
634 803
992 461
385 145
963 171
654 803
906 789
466 467
999 255
15 462
218 198
535 775
937 199
630 643
694 808
906 305
980 280
618 615
88 742
654 914
987 243
827 752
884 917
420 375
60 129
599 818
39 955
815 19
945 687
1 169
289 386
856 766
678 297
694 826
184 317
95 615
367 923
695 168
482 405
77 742
466 315
926 157
876 703
82 785
629 783
362 742
721 77
832 387
357 819
758 703
194 503
837 292
784 432
82 985
17 646
438 763
681 373
292 623
243 251
282 524
318 747
891 785
584 29
784 122
965 384
604 192
718 222
679 73
221 282
863 223
774 174
825 113
158 74
340 120
425 275
476 175
657 971
346 99
70 979
791 596
39 723
795 913
816 314
614 588
543 185
709 374
857 200
842 658
804 961
878 310
1 545
57 93
58 85
747 601
521 589
315 789
662 692
279 433
468 545
909 656
289 783
962 76
368 768
717 146
477 195
960 905
116 882
27 41
688 813
486 718
412 316
783 845
93 296
841 803
367 163
606 478
228 686
355 62
65 271
859 756
270 808
987 964
508 547
270 53
73 351
219 488
437 524
439 824
637 516
291 625
9 378
852 26
374 249
891 628
506 33
949 635
791 696
578 434
97 580
580 185
512 649
927 739
452 308
201 742
700 618
936 761
677 113
206 266
404 403
935 388
751 187
29 862
191 755
840 779
730 54
417 974
923 666
731 966
697 602
968 977
460 579
59 36
801 708
613 128
903 369
464 121
84 985
320 67
321 75
492 539
402 100
195 590
949 723
513 898
344 702
533 463
457 430
609 569
941 283
904 86
244 415
300 524
463 64
617 784
381 198
564 174
419 409
568 35
677 335
110 911
369 147
364 395
535 609
437 89
973 137
69 323
353 126
707 942
941 939
632 105
308 488
512 640
857 574
363 683
531 262
199 321
840 860
710 86
538 860
777 572
80 540
262 483
720 151
785 442
967 395
398 73
583 857
888 541
777 408
204 629
298 872
261 356
7 768
506 448
153 875
469 930
988 118
588 723
534 462
827 48
847 779
17 131
561 76
614 152
279 250
525 254
191 515
245 970
835 472
472 127
698 658
508 188
97 598
426 945
461 931
423 748
814 228
581 295
907 540
694 345
482 829
452 877
897 744
933 175
664 653
41 127
297 133
119 973
669 58
212 571
999 105
845 358
346 129
253 434
951 543
664 572
919 907
606 744
226 148
484 122
981 292
675 585
601 172
269 285
363 462
293 607
388 121
110 356
366 694
325 958
97 161
796 366
726 579
999 180
543 157
547 86
565 283
557 506
326 353
92 380
401 62
296 99
130 65
46 375
774 355
516 277
558 129
637 451
289 350
74 988
566 728
183 964
863 940
791 862
892 652
523 62
63 260
48 547
140 364
674 875
108 806
714 857
107 275
219 912
381 673
679 254
802 822
520 349
206 573
900 899
315 421
816 334
562 522
928 573
472 962
179 799
550 306
677 256
717 920
97 759
975 382
153 435
390 639
746 601
525 838
626 849
972 925
631 440
137 867
8 239
353 901
999 14
748 833
513 236
318 124
788 917
954 509
954 54
922 338
848 631
996 429
318 689
836 44
764 961
103 625
641 765
698 902
207 684
103 129
439 228
794 405
957 615
281 254
390 296
599 586
66 146
448 601
72 951
622 338
487 728
320 251
58 590
361 412
795 446
464 500
691 412
563 906
249 547
30 295
748 502
492 111
274 310
380 44
594 89
776 12
813 302
189 73
390 74
943 416
237 828
949 969
658 541
130 812
298 346
197 561
336 974
955 799
975 613
617 582
635 803
618 596
152 105
379 442
823 849
716 91
391 590
148 993
142 29
963 511
941 343
214 679
158 208
566 253
399 932
551 875
678 369
214 526
283 215
41 780
538 594
116 634
482 902
11 43
1000 855
5 89
936 994
815 178
239 193
422 995
477 129
243 2
208 992
745 625
304 377
110 644
250 330
641 1
823 370
971 333
370 394
934 681
297 931
836 963
761 324
62 148
543 985
207 758
713 124
270 518
35 72
408 737
74 875
671 608
98 133
486 179
256 658
638 915
544 239
679 378
916 536
716 184
462 500
95 462
610 590
940 281
669 245
401 657
711 165
952 607
753 428
515 464
130 760
149 178
137 71
206 630
814 318
187 316
378 916
103 986
17 519
327 923
344 710
279 928
945 249
1000 935
140 272
485 662
642 554
381 282
587 75
556 469
774 548
186 853
650 542
834 73
321 503
139 584
693 855
837 519
186 34
72 379
471 265
878 955
662 868
682 21
144 766
557 61
632 876
137 562
207 221
708 884
178 884
758 815
226 972
397 470
65 386
737 918
152 919
477 808
232 686
153 658
848 356
726 368
195 744
738 198
999 309
751 807
476 955
158 437
316 89
887 167
24 28
118 542
195 34
205 883
289 953
252 811
642 50
937 885
311 470
977 615
991 336
91 622
523 631
564 572
289 42
767 961
717 106
576 567
973 573
996 618
109 243
9 187
95 755
32 622
180 639
306 654
823 296
203 384
240 259
776 637
351 727
651 175
51 970
485 567
894 280
331 139
903 260
129 824
610 622
793 798
7 236
161 313
863 352
318 233
877 579
357 434
305 705
38 997
675 37
335 601
861 972
932 908
438 104
495 873
593 794
336 115
192 744
338 395
229 317
176 282
140 802
624 683
252 740
404 159
939 41
830 151
688 375
797 395
452 956
636 834
233 496
675 745
15 519
876 747
399 809
241 624
2 654
513 608
100 519
626 798
391 768
827 494
140 512
469 470
869 930
626 613
552 576
312 986
679 914
629 606
647 83
632 675
190 394
293 456
176 815
443 655
892 237
987 425
695 327
678 261
39 227
828 10
600 81
266 333
268 524
535 590
610 54
901 341
151 833
210 840
455 679
929 116
784 332
941 341
35 271
830 628
110 394
953 126
393 596
720 159
97 919
261 817
23 822
923 460
512 139
229 979
965 526
584 883
416 16
900 768
208 648
474 465
954 426
311 123
774 186
557 661
906 521
843 859
797 166
679 692
176 363
471 444
831 272
555 866
420 4
642 340
919 416
301 263
228 182
212 166
361 548
826 912
162 376
643 922
915 865
606 149
804 102
71 284
479 870
773 759
708 872
231 91
285 532
92 432
839 920
861 224
130 874
994 621
629 959
206 303
723 131
940 395
941 275
262 667
907 594
964 802
68 606
108 615
311 990
402 22
954 539
593 297
205 24
763 311
244 21
617 533
718 532
836 817
712 767
451 341
269 604
274 553
477 611
436 311
46 811
964 362
586 478
325 138
606 622
935 524
222 167
5 146
552 744
279 586
613 465
252 608
400 281
791 768
801 557
617 960
657 636
201 13
675 160
220 150
479 13
617 542
906 116
342 238
266 858
276 984
982 545
785 622
733 80
820 982
477 39
166 935
244 387
541 179
154 951
304 547
49 171
12 838
270 813
859 173
681 487
471 410
334 782
136 976
191 639
996 248
675 645
197 900
951 901
346 955
627 294
363 199
447 560
978 997
499 305
652 985
699 979
1 747
987 516
204 403
736 735
143 617
661 561
223 533
43 179
26 281
919 141
800 320
485 234
565 149
14 133
914 440
200 811
829 853
701 896
439 403
538 663
62 177
467 908
77 265
934 322
15 430
181 487
932 353
807 130
266 596
620 853
580 742
445 392
139 488
547 503
358 257
399 449
955 424
844 799
499 233
150 232
498 841
392 988
477 841
299 975
191 318
582 175
730 44
882 931
555 75
495 802
205 465
616 75
357 781
219 131
820 93
786 720
549 116
777 424
743 66
94 350
132 917
96 606
468 74
634 537
781 406
470 351
529 595
804 969
17 489
745 749
452 27
592 315
533 224
646 255
63 972
301 958
564 807
159 29
53 145
53 588
937 614
791 818
754 984
425 282
903 483
910 194
706 979
67 579
47 34
527 441
962 146
308 449
952 922
348 739
717 678
774 596
423 69
575 600
100 470
707 198
907 312
909 991
637 781
820 703
72 335
788 824
419 175
583 633
665 766
576 378
741 656
153 479
981 540
716 688
820 459
256 261
936 594
810 762
214 375
797 527
797 122
49 977
11 102
390 601
392 329
270 234
664 392
788 310
348 587
863 745
738 635
294 865
577 91
870 789
1000 606
820 583
564 92
832 55
143 393
1 330
684 529
38 209
740 896
114 299
23 18
170 546
154 431
797 614
982 198
547 195
693 352
363 901
736 595
716 76
93 789
238 522
518 803
613 724
516 604
691 835
691 310
97 83
788 334
699 544
258 48
760 456
334 144
154 65
231 422
68 529
751 870
269 656
471 692
864 171
932 276
810 315
909 917
262 44
159 65
999 104
433 817
140 899
800 402
260 157
145 811
241 838
333 833
499 583
614 257
47 612
422 250
381 302
909 151
983 19
314 609
87 746
492 992
201 405
347 338
312 752
877 850
520 970
419 907
477 461
839 432
950 917
925 944
749 569
381 271
952 395
680 240
476 518
93 560
938 162
137 373
703 683
918 762
246 922
32 441
912 478
318 523
416 88
783 928
291 62
934 446
627 696
274 743
132 567
370 230
813 530
388 622
304 985
816 69
106 918
605 131
452 11
642 560
366 977
130 422
938 529
214 356
414 755
237 554
979 890
926 834
319 944
963 555
766 86
363 768
398 890
219 356
221 24
612 952
959 280
61 463
210 340
943 977
340 378
909 684
567 965
110 784
268 514
430 379
937 671
541 64
342 550
355 392
85 294
443 705
288 42
642 920
848 584
59 412
387 600
722 444
926 64
693 640
140 768
513 592
566 482
788 33
737 785
700 387
81 465
934 226
600 305
137 465
629 71
895 981
676 822
437 302
863 11
625 645
970 449
498 729
231 920
194 349
35 702
31 429
56 537
199 883
352 461
717 167
771 668
479 633
245 839
176 338
485 168
286 454
968 313
531 402
804 467
455 666
577 334
1 983
183 606
603 519
841 926
400 724
900 127
400 459
482 90
968 609
818 544
546 102
488 576
784 362
722 413
733 350
733 777
552 811
722 658
438 431
664 921
386 193
837 589
407 14
409 731
801 28
968 576
714 992
986 589
112 487
512 666
741 99
538 696
996 775
383 212
407 127
137 180
708 104
800 281
159 400
382 989
419 232
937 477
701 428
700 948
96 965
593 853
903 330
652 880
209 602
678 893
490 850
286 647
672 816
153 170
698 437
258 124
77 920
719 537
501 890
327 112
246 561
300 44
284 182
485 126
89 608
642 835
753 569
408 117
770 517
135 386
229 483
212 429
603 314
788 484
343 560
252 85
336 574
940 678
869 223
389 665
746 853
672 912
433 845
161 295
217 386
435 375
290 901
937 883
538 121
283 453
794 495
776 686
335 470
338 406
411 955
374 813
12 685
821 385
758 265
571 588
731 570
2 193
671 527
166 131
153 736
888 696
940 273
192 255
429 563
946 415
268 60
624 781
641 736
1 980
237 278
58 21
829 434
80 10
647 960
804 61
462 307
980 255
476 240
895 982
753 309
551 126
207 349
183 495
644 598
761 802
794 560
975 995
760 443
598 789
308 802
770 136
125 188
345 11
716 577
69 585
481 603
306 850
956 319
65 132
176 896
548 185
342 872
1 956
509 3
806 27
415 424
807 822
220 40
633 116
334 808
776 804
355 824
212 919
657 276
346 56
262 957
251 615
297 573
1 813
70 341
745 15
790 623
994 662
706 995
139 528
984 705
159 510
819 920
791 179
612 554
280 712
207 376
135 186
779 165
946 687
763 879
857 376
134 500
403 380
732 323
509 85
755 226
494 586
797 942
62 328
29 829
891 265
698 728
431 259
504 840
518 93
79 628
831 595
444 380
745 278
139 470
214 910
217 251
880 405
950 680
163 678
349 441
795 220
5 861
617 295
1000 441
485 100
835 961
344 242
211 889
698 440
826 540
438 652
312 528
611 555
758 453
632 676
190 395
483 415
672 496
876 112
70 59
107 847
92 519
108 440
6 932
794 949
45 759
599 638
138 356
232 44
855 28
937 102
145 222
1 36
130 407
901 921
202 462
318 446
447 948
800 94
747 780
714 956
658 993
312 115
347 833
147 850
286 591
423 684
797 713
637 607
102 799
30 200
530 90
508 533
750 420
143 422
842 686
220 718
183 506
791 897
847 36
19 380
466 10
852 145
763 310
717 621
175 172
341 89
987 417
218 833
346 640
59 463
866 456
773 519
776 309
722 868
387 742
140 132
584 925
199 465
53 454
264 445
919 824
422 368
265 305
577 866
242 407
63 102
963 940
761 946
839 923
533 540
630 678
937 950
792 290
339 667
976 33
208 955
464 341
644 891
13 542
857 917
469 487
74 540
219 22
348 536
60 607
331 785
755 934
118 461
62 590
828 969
982 122
856 373
397 219
236 453
808 222
426 238
938 443
242 28
404 371
361 405
162 661
376 948
926 711
28 902
765 985
568 9
855 292
109 332
932 380
42 272
332 544
391 81
291 875
875 55
180 748
736 415
664 865
665 456
284 520
437 294
941 982
230 580
411 186
710 306
637 445
383 174
77 69
940 197
566 608
599 271
655 594
31 89
786 735
452 34
325 316
73 339
148 347
572 862
278 185
629 599
27 891
599 522
581 582
436 168
219 659
218 393
92 200
366 923
330 280
666 997
183 724
722 412
189 24
688 276
825 7
318 626
469 376
143 763
662 601
41 969
241 166
117 224
4 147
741 907
776 513
36 670
444 503
541 799
907 444
269 582
982 974
358 294
108 658
610 588
755 86
572 544
204 189
173 332
975 494
445 762
651 582
174 918
945 722
614 459
431 502
803 185
726 329
109 579
274 79
669 267
852 29
672 198
174 330
927 24
488 402
658 489
469 715
18 511
18 72
130 526
129 574
5 131
777 890
616 169
500 247
800 693
357 229
982 173
463 171
69 102
745 231
70 193
291 609
753 958
321 488
777 322
61 684
463 744
629 760
335 530
800 710
653 254
497 147
107 332
839 535
861 944
879 465
633 330
497 883
45 579
743 428
35 399
709 39
216 741
158 136
253 278
886 235
6 697
735 333
720 341
666 297
498 552
300 92
763 28
411 99
303 177
322 775
508 850
325 100
662 813
864 596
352 921
540 535
321 621
614 127
64 75
561 532
357 238
30 156
730 510
309 912
300 222
719 784
78 136
814 288
300 744
373 281
564 727
364 276
549 294
71 678
1000 738
253 979
968 552
815 40
12 39
505 463
531 631
507 866
142 979
988 121
750 457
644 267
682 66
422 883
976 224
499 745
638 754
564 501
346 19
778 784
730 342
144 34
92 803
110 454
419 882
332 580
976 117
503 811
282 432
122 589
437 947
987 850
486 453
287 764
533 569
457 379
845 333
846 101
778 144
585 450
498 805
392 85
32 849
87 67
913 56
968 248
388 222
612 853
538 16
501 899
758 10
582 849
593 357
779 587
265 314
710 169
549 554
108 219
550 262
934 28
627 602
702 930
938 979
810 940
499 750
499 37
173 838
598 635
226 621
360 519
880 334
742 686
819 378
629 440
39 585
297 461
558 305
300 481
308 403
541 296
175 121
761 873
876 359
892 287
493 464
888 506
596 489
941 360
658 323
765 100
881 319
694 511
332 727
152 748
109 75
211 281
934 388
168 120
258 339
987 619
404 154
617 392
172 224
786 570
290 301
655 925
348 865
201 645
204 363
760 22
851 756
344 403
278 925
437 475
629 385
63 665
632 517
320 711
372 768
283 615
360 371
124 756
452 186
325 480
184 118
809 984
631 681
629 50
370 148
560 172
924 645
943 952
151 586
515 824
760 326
694 59
877 505
876 576
992 621
679 519
77 464
847 28
128 729
238 858
708 131
652 570
378 167
87 198
164 574
699 29
274 631
693 144
10 362
28 93
17 534
103 397
485 850
17 897
269 816
488 522
753 962
848 405
983 162
443 456
942 41
506 844
637 541
345 230
862 882
649 62
336 958
374 128
154 195
671 351
739 590
698 49
457 511
556 490
695 65
583 233
387 388
815 958
410 580
619 752
528 75
72 215
426 520
823 28
571 239
274 421
95 688
9 540
149 488
956 461
63 86
432 532
895 99
932 833
778 612
148 251
25 317
145 91
322 127
85 901
52 705
364 742
707 845
664 857
260 441
896 350
800 862
1000 955
250 198
451 388
987 754
492 254
864 507
700 292
3 483
647 385
8 417
444 234
926 802
48 930
318 329
140 824
35 840
253 129
153 475
805 570
717 368
829 899
114 735
176 956
834 905
926 845
600 596
391 596
125 71
270 351
814 741
381 616
627 480
404 116
603 42
201 301
264 361
357 633
819 249
160 133
566 838
471 44
936 880
112 560
385 321
994 81
9 614
854 599
452 517
152 261
969 200
518 757
679 231
98 916
3 488
644 181
627 43
650 430
134 215
192 74
566 513
229 219
873 754
927 67
735 754
894 711
736 962
110 637
291 421
77 919
298 964
885 768
814 158
214 882
448 430
670 962
220 783
87 322
20 988
893 165
611 19
429 985
340 167
387 871
389 188
82 958
657 239
392 313
804 39
646 970
202 196
865 789
204 109
477 265
760 347
425 803
635 358
856 121
51 290
987 11
515 870
293 918
494 511
593 144
903 759
688 561
401 674
28 511
211 841
28 484
72 567
967 161
528 307
553 757
471 950
419 353
459 323
830 342
794 287
101 692
62 650
903 897
604 122
342 961
995 901
863 682
224 193
612 490
123 923
63 775
372 867
84 376
673 122
572 681
820 255
783 416
787 494
550 574
37 14
809 496
3 329
24 13
91 415
411 329
233 294
268 470
839 322
18 86
534 2
989 594
312 989
205 696
96 980
43 232
868 338
27 338
12 677
804 375
128 432
551 784
491 763
96 333
270 196
385 138
919 475
423 157
190 265
192 247
999 521
211 648
336 977
855 254
715 133
821 58
787 829
330 944
83 728
156 440
801 953
673 115
711 912
285 845
160 351
549 961
109 393
312 416
737 449
367 122
946 748
669 444
482 838
682 478
122 417
717 250
355 164
658 197
893 723
471 424
806 128
330 729
420 16
59 432
956 930
64 144
581 339
288 494
783 591
401 996
571 43
1 34
408 312
810 222
77 898
996 531
337 138
246 460
230 86
13 666
869 589
108 485
846 483
971 410
861 343
592 981
21 587
25 853
830 697
65 446
53 384
801 63
767 198
933 554
419 54
771 813
701 9
426 77
809 727
154 738
448 81
563 655
741 527
786 755
568 706
935 470
936 452
900 257
178 69
582 192
633 343
598 57
925 882
814 949
551 763
716 711
311 421
614 745
628 478
386 705
632 25
690 127
669 770
339 739
600 567
712 977
714 118
572 120
367 27
774 297
423 469
897 628
760 626
616 407
212 450
747 2
320 500
824 602
492 696
787 952
963 480
457 880
222 255
4 310
150 742
563 651
106 307
943 624
675 462
508 984
252 645
732 338
823 222
329 251
238 415
717 973
59 117
23 534
706 126
941 570
836 654
644 362
671 465
51 760
506 8
345 864
824 440
28 10
274 136
829 356
996 513
317 48
214 578
927 520
509 926
865 560
404 993
575 26
758 878
541 449
981 138
638 272
585 319
696 993
732 442
243 533
365 10
563 506
679 898
5 191
647 67
154 334
32 767
670 782
70 609
564 625
328 234
473 524
183 713
285 538
152 793
421 879
977 86
206 640
135 49
980 69
29 921
910 514
765 986
325 573
140 329
843 455
546 851
348 748
459 356
975 194
558 275
286 345
703 521
983 727
344 177
359 40
326 866
632 522
875 102
221 88
387 646
941 388
156 179
844 958
710 307
731 257
887 573
458 184
643 374
937 85
77 68
973 783
11 313
562 378
137 202
600 494
892 244
782 752
253 685
877 104
581 483
438 513
919 984
367 783
846 603
704 522
913 29
230 232
584 503
514 704
839 428
508 266
18 78
436 449
721 767
847 284
647 350
145 99
427 884
212 947
413 718
285 185
820 367
161 395
514 283
832 947
381 528
365 107
58 56
371 380
709 704
238 256
205 101
709 729
447 121
233 373
677 632
733 533
505 482
755 89
934 759
60 622
751 302
499 621
98 527
464 723
981 978
549 732
231 809
714 767
290 495
218 494
788 121
510 224
20 509
24 302
411 139
521 85
225 675
616 213
355 139
856 356
520 475
439 727
96 971
847 178
311 187
556 311
974 34
784 195
28 712
688 268
834 295
53 688
677 656
640 532
643 471
737 528
854 838
69 539
77 816
479 529
136 603
525 434
891 811
468 72
289 586
953 342
476 870
455 777
627 472
479 934
204 572
300 641
541 605
870 317
653 899
236 356
658 334
451 850
400 764
493 262
259 850
196 364
738 899
82 193
189 184
275 295
211 714
481 199
613 85
309 729
806 966
520 386
737 853
170 263
136 395
100 580
484 273
963 907
506 809
947 440
843 184
731 938
842 174
401 406
202 180
313 322
867 186
462 198
687 314
391 852
190 971
909 287
452 905
714 484
218 698
755 39
593 267
837 848
119 468
907 961
105 382
837 565
568 748
343 172
74 640
555 697
276 302
846 834
513 961
153 477
27 833
105 73
690 793
70 328
675 884
308 180
266 151
317 764
404 541
791 131
243 34
758 210
191 870
891 261
528 441
123 873
877 810
182 853
370 652
554 351
80 501
241 72
578 924
69 322
264 897
707 375
819 4
616 595
569 780
546 160
109 924
863 376
994 844
212 713
190 345
526 822
135 328
491 226
907 966
426 350
285 934
894 236
859 449
518 444
599 553
104 41
230 148
529 248
531 410
785 729
418 601
842 538
592 782
936 603
439 952
298 905
5 771
138 990
31 712
374 781
765 872
688 16
954 502
664 314
153 602
761 429
181 351
856 546
229 729
8 918
125 619
786 885
656 44
200 762
717 779
791 68
96 827
915 689
923 251
155 302
629 665
364 985
433 640
677 850
741 676
861 934
224 432
223 408
495 359
117 752
331 879
176 563
564 452
581 546
218 942
517 970
827 443
223 850
934 231
794 247
741 172
959 101
575 182
746 185
451 949
246 652
840 62
87 302
153 827
18 371
699 318
383 313
844 829
794 102
597 493
47 908
790 227
30 1
260 100
205 847
404 446
5 595
63 524
256 459
581 500
357 815
301 594
323 851
749 283
187 799
821 870
363 15
402 811
954 780
721 656
651 145
695 330
1000 663
394 955
657 445
624 739
678 639
763 88
386 560
402 263
973 315
499 825
246 243
225 969
673 554
197 282
486 529
892 524
299 325
344 10
581 385
189 429
600 105
596 81
455 853
593 937
740 19
910 199
707 362
999 973
709 4
674 865
759 567
842 341
3 944
166 711
618 410
429 768
995 259
840 697
837 553
508 799
706 104
181 21
627 560
4 754
108 192
298 979
534 297
466 263
945 949
156 591
603 100
975 410
70 141
1 967
590 354
4 222
116 379
922 50
392 686
246 25
214 219
983 369
967 475
455 184
720 939
801 625
885 169
371 866
129 803
317 685
484 131
727 193
431 900
690 867
289 608
476 118
951 615
971 294
514 711
434 465
719 507
479 533
173 483
374 187
1000 374
927 69
909 437
264 138
755 834
738 195
223 503
759 705
137 517
981 857
140 829
412 307
363 752
53 84
400 613
959 464
749 13
370 303
867 522
868 388
408 240
909 214
123 711
260 307
219 65
643 851
770 121
699 325
863 308
3 785
300 707
800 90
745 90
268 916
855 816
605 584
472 380
953 133
113 545
645 395
333 532
346 350
98 567
887 67
887 654
1 755
999 848
671 503
530 338
970 667
382 850
498 965
807 770
39 73
187 320
663 883
776 483
135 111
156 299
85 507
219 236
70 810
383 332
737 325
421 623
460 574
650 129
367 659
626 995
682 402
657 305
274 237
113 83
934 679
96 314
242 313
757 41
261 294
63 723
634 822
798 215
504 410
711 377
913 21
433 970
512 392
336 949
897 294
918 358
492 995
23 736
499 97
240 944
970 330
886 896
