804 847
119 235 983
446 131 -775
195 215 -411
90 494 -663
262 745 -233
187 572 349
123 311 -713
670 765 92
181 713 -747
681 596 859
408 150 993
563 740 879
178 647 -838
757 630 814
134 487 -940
429 474 265
65 762 884
258 517 -136
793 197 716
33 452 462
614 77 -863
367 224 -517
68 715 308
292 586 -388
107 667 -939
85 215 8
213 563 845
53 285 652
391 199 -207
327 568 -686
469 458 -359
15 508 343
437 292 171
342 69 -978
700 151 -426
750 226 204
654 318 -349
115 597 -688
34 72 -616
657 571 163
577 26 -875
316 118 743
552 714 -11
207 306 829
128 37 -191
6 183 798
28 371 496
707 199 176
621 50 592
450 796 809
804 537 -541
361 312 538
758 550 -833
40 360 -132
23 423 174
107 534 752
45 594 -903
536 651 515
265 796 -705
405 73 -672
76 375 -338
684 760 -239
715 370 36
652 549 -781
708 293 -925
315 408 -783
66 563 307
358 572 -530
116 185 -770
385 576 -134
269 770 -629
295 413 -946
326 692 -293
262 138 -611
428 278 139
752 90 -287
381 30 889
410 118 -356
728 593 -320
82 268 -113
434 310 132
194 258 -975
554 301 325
322 114 703
382 393 1000
353 377 -442
143 333 73
145 476 -265
621 788 512
510 469 768
160 423 723
274 363 -508
760 310 866
615 738 -950
23 170 -822
125 541 -430
590 541 879
39 113 -701
338 508 -287
128 173 152
733 84 102
207 500 707
492 650 -737
679 421 -903
104 310 696
403 24 33
331 171 33
763 463 162
70 388 -75
801 620 -841
308 363 757
556 638 -191
422 717 280
291 449 69
702 372 93
466 4 484
364 624 640
409 205 -873
568 634 -162
340 255 271
119 588 177
60 523 -548
230 25 19
535 419 -59
700 93 536
143 376 281
617 211 438
254 434 -358
82 47 538
613 550 497
355 375 870
774 18 -856
658 668 -491
387 205 427
164 480 -841
609 440 -79
132 607 336
17 795 14
284 240 74
134 721 -573
46 767 -95
660 491 -288
544 505 275
613 1 -461
359 618 -202
480 546 -3
168 586 -604
266 472 -854
425 793 60
355 162 -34
284 657 116
305 656 -715
17 7 -851
117 617 -448
798 575 -600
303 685 284
800 67 406
317 150 -821
286 34 -923
49 205 -770
297 710 630
540 294 144
336 724 -966
18 433 102
424 382 -902
595 747 -646
502 63 250
201 233 -518
347 148 -671
132 797 458
548 371 -54
548 242 -346
279 598 510
70 632 -269
790 651 521
65 124 -991
111 640 919
799 662 995
659 247 -282
245 641 -986
545 249 389
643 199 -738
115 783 -945
397 170 -749
285 539 -393
691 51 784
342 209 -32
699 12 219
703 248 -198
528 433 581
542 485 914
147 748 926
236 415 365
212 631 785
448 370 -365
501 645 711
673 220 427
608 573 201
475 665 365
804 371 -557
541 453 -470
382 369 697
40 490 -920
152 456 783
166 430 -56
194 230 144
800 520 -655
144 298 -236
501 116 728
280 387 995
434 227 452
536 260 848
345 579 290
237 279 -173
133 119 888
134 746 995
366 219 603
516 778 -736
717 502 320
362 405 -359
342 738 -907
176 774 850
306 317 -857
5 382 548
603 569 -329
134 438 365
425 54 752
333 435 -898
102 381 409
140 350 471
153 583 664
540 360 746
107 412 55
600 296 -147
567 39 -504
70 345 785
331 253 -319
426 488 153
434 704 -53
235 638 316
544 113 -887
729 531 -880
664 292 999
305 386 -243
81 319 10
268 415 -734
593 304 -646
722 33 -595
674 25 188
488 771 509
634 730 61
770 352 -176
186 256 -688
547 367 497
244 277 801
341 485 -247
384 106 389
227 772 689
661 578 -819
294 280 -31
763 263 497
315 782 -934
331 434 764
5 577 877
368 299 349
280 800 825
772 63 -313
245 331 -29
555 328 -154
189 443 279
482 757 -433
150 3 97
393 245 786
576 302 790
296 13 -56
213 705 440
220 354 -689
459 701 730
695 17 75
417 274 -865
106 549 -788
663 389 -750
734 265 -938
163 643 -32
144 588 612
357 441 -443
238 123 509
613 192 481
738 172 -879
242 566 -485
496 589 -596
487 239 -244
218 412 845
24 376 647
86 212 -358
193 109 -80
777 333 433
544 673 530
606 796 -685
25 66 776
543 94 501
572 59 -781
662 412 521
560 340 290
452 617 -166
69 248 456
416 264 -670
544 148 65
66 362 -860
725 752 218
552 695 759
472 76 666
472 605 -975
561 582 746
574 177 -625
213 297 -426
328 333 -356
215 425 -90
502 365 -372
134 378 -254
798 246 936
518 699 898
480 211 170
43 606 359
313 256 -903
417 270 274
229 42 113
215 232 544
763 792 -917
156 49 -443
752 263 -962
176 334 112
24 595 628
30 630 256
641 227 339
465 200 -546
575 675 375
478 616 -83
803 802 -855
251 39 -189
94 638 547
562 662 -374
747 376 868
28 539 -915
271 795 -172
617 749 -365
455 87 136
769 44 288
34 29 -798
751 690 -350
741 256 84
266 653 -336
5 631 1
153 697 111
404 257 -449
557 553 -249
611 558 -226
643 11 -328
426 450 971
472 450 -505
382 56 789
193 211 885
201 252 -642
529 632 -571
491 159 112
388 165 641
479 259 -995
785 584 -871
183 519 703
634 189 -993
465 611 -923
97 382 -20
803 790 784
127 357 -9
579 760 -210
358 666 -300
657 496 -397
199 464 -53
1 445 441
552 659 -40
598 206 651
704 161 691
631 6 536
265 237 -374
514 175 -690
53 470 -167
749 102 562
585 261 662
191 426 -8
628 146 891
687 307 311
144 243 411
64 389 -286
129 105 94
784 479 302
406 241 -930
388 181 951
31 456 -46
447 213 -966
797 346 745
227 56 -815
147 443 -799
145 68 -925
177 183 -646
161 802 375
670 331 -836
633 269 150
769 45 -69
474 334 -665
522 210 -211
279 92 314
146 408 -92
299 393 -640
209 79 -392
49 600 -72
220 222 510
755 78 283
314 524 696
390 14 -870
116 292 -509
374 383 990
720 650 204
287 389 -508
419 467 -616
757 698 -375
570 523 271
595 96 -275
407 248 880
768 668 737
485 713 -342
625 474 -114
717 288 -427
447 564 496
319 298 -209
550 553 825
175 479 177
252 287 411
673 497 325
374 86 593
739 30 -817
21 267 -250
703 613 508
304 715 -286
507 764 992
791 464 919
288 346 243
435 105 -802
197 215 -561
354 236 230
778 529 -694
527 331 78
207 104 -557
443 336 -630
804 1 387
671 80 965
73 180 79
370 565 343
236 782 -84
585 234 -799
301 121 693
419 462 50
184 761 98
467 115 153
708 414 -10
253 492 -378
504 602 -729
117 655 -754
415 557 -715
259 274 -889
231 520 264
399 740 358
677 234 -159
229 252 62
690 736 -33
571 467 9
323 636 146
741 17 880
417 599 -246
794 216 629
5 276 -67
300 526 135
98 790 -625
804 309 731
303 398 -605
610 337 -723
760 267 96
123 26 431
651 158 849
15 120 -471
443 794 922
288 1 638
386 566 -614
441 331 309
346 575 -111
543 449 211
517 644 397
439 459 726
643 220 743
608 577 -542
676 183 -891
54 144 -121
628 496 -439
602 425 -410
689 780 -759
514 417 138
511 502 217
21 168 -228
135 414 -331
366 306 -703
380 171 -86
304 594 -756
546 7 -197
550 331 -979
360 326 -450
496 591 -459
303 708 -579
89 283 -762
383 39 -647
607 612 244
444 326 306
102 248 648
547 786 -726
219 738 -807
217 700 -481
83 415 -59
314 262 -80
789 424 35
126 742 -982
25 727 675
566 172 -5
443 603 -974
398 688 985
781 203 -777
510 588 840
349 649 -521
72 248 302
555 390 -151
784 139 -836
95 108 413
563 307 653
799 53 -426
372 524 21
479 761 959
640 447 -697
341 534 -191
268 343 -766
44 705 -201
283 226 700
229 513 280
30 513 -151
564 224 646
790 251 186
425 505 -588
96 35 510
42 761 144
231 154 -374
94 44 -1
106 478 -515
224 197 -233
198 375 567
59 649 -961
608 490 -746
658 279 -346
789 438 12
743 567 785
175 366 -84
501 2 339
668 738 -489
340 697 898
184 308 -720
656 116 29
556 53 -475
698 137 917
302 502 83
468 540 46
223 66 -900
716 154 356
747 570 -915
760 735 -747
543 221 -130
324 59 27
682 364 -696
560 571 -566
678 278 957
85 717 -147
774 201 839
715 704 -662
530 374 526
129 274 24
475 512 -377
242 736 152
64 185 -781
762 705 59
111 134 923
765 711 457
65 187 458
658 223 892
243 570 -144
219 585 527
58 306 -396
246 235 -372
573 381 896
52 642 -760
652 461 930
49 11 134
41 691 794
75 29 -33
58 23 -454
124 75 896
673 115 727
400 621 96
73 243 386
235 561 759
376 73 463
463 229 -287
632 32 -869
646 73 503
50 285 637
624 496 -150
601 373 238
220 108 826
571 394 328
586 576 948
622 579 -968
551 371 -167
492 440 -863
71 451 -732
768 680 979
372 774 450
183 718 984
213 551 -206
313 781 -151
767 10 876
247 664 954
647 749 6
280 628 674
106 246 80
517 515 789
148 421 -483
293 275 179
466 345 -31
214 443 846
734 483 -575
567 702 904
723 519 45
283 620 699
160 32 -278
537 555 252
215 494 -208
561 520 283
108 267 -959
128 325 -375
515 223 -761
428 274 251
356 524 -534
4 368 -9
216 14 774
263 367 755
619 603 -282
54 259 12
198 707 -965
574 625 -438
294 640 -410
45 788 242
15 152 -21
209 51 127
436 759 -773
84 707 769
473 436 -25
494 120 456
721 390 458
300 366 -676
746 627 -800
105 204 805
69 667 -295
653 389 -498
203 560 326
160 236 294
513 542 638
633 383 -998
385 144 -638
397 613 -514
502 480 869
174 514 750
438 551 723
593 629 -939
200 651 -738
493 174 37
656 446 -169
650 61 303
496 313 -207
786 20 931
589 217 964
639 256 140
45 538 -94
420 256 -946
18 564 -887
172 358 346
708 30 467
129 225 120
89 421 -531
367 210 -471
289 50 206
679 741 837
15 510 -275
309 194 65
738 618 896
377 169 -449
47 311 -372
451 221 852
405 644 222
625 550 731
511 160 -278
333 730 -440
408 37 -761
191 438 217
119 518 -808
481 23 108
390 502 984
177 202 -966
560 453 701
48 701 802
168 708 999
254 149 612
450 467 421
209 592 -198
768 334 -510
480 631 -704
375 756 -12
39 19 247
321 621 429
671 293 592
582 717 -997
503 321 239
14 630 1000
506 308 408
156 502 -967
255 60 -204
618 538 522
333 517 833
253 14 477
183 406 -402
410 488 -355
339 471 402
346 137 443
304 11 414
411 193 185
800 183 534
54 248 -537
673 511 478
172 468 899
472 175 857
137 460 -531
171 773 515
121 588 787
563 396 120
680 736 963
659 462 198
348 281 336
88 761 835
472 66 72
145 446 -60
478 555 -857
288 199 875
126 190 791
588 438 154
538 189 316
553 561 -790
253 393 725
399 482 -31
388 439 -690
543 601 968
273 700 -146
219 514 629
528 595 935
74 400 -223
620 771 -297
571 709 814
688 698 573
535 136 -603
689 663 -408
252 363 -188
285 491 -461
117 56 61
632 366 -809
433 799 234
103 670 63
579 801 -786
155 122 -940
204 763 -650
682 674 -200
505 326 -340
738 498 525
757 181 -516
602 700 -446
134 126 -879
417 87 300
670 751 850
135 36 -419
646 501 228
647 342 -885
112 22 869
55 436 -5
25 621 16
511 467 255
678 250 815
620 659 -421
345 95 -8
357 309 91
744 764 -710
377 90 -48
180 123 -290
752 596 -236
796 199 -115
107 301 -298
722 189 -495
119 94 287
372 698 -833
707 103 -686
259 745 -645
350 353 707
342 345 -407
538 377 152
661 277 -14
340 264 -659
258 532 -403
619 622 -735
174 764 803
214 183 -595
787 613 -629
666 430 920
445 604 186
132 202 -86
180 467 -749
13 549 -936
285 216 -114
601 551 -955
428 391 -25
209 684 -126
222 295 -679
72 42 -303
340 775 -127
559 240 -81
340 585 -284
464 552 -976
251 786 -564
603 616 891
