808 1132
807 596
157 671
283 388
233 481
775 141
406 428
95 686
760 300
126 552
720 578
173 784
58 261
189 177
220 507
311 353
417 258
193 566
666 16
454 145
74 425
775 585
586 712
736 603
743 125
191 232
718 272
40 607
155 21
696 538
563 405
181 150
6 537
796 350
669 313
43 505
403 26
190 141
375 111
776 57
791 574
736 544
506 532
616 140
444 573
330 390
240 34
375 578
35 437
192 561
128 806
100 727
482 492
32 188
373 751
98 476
230 765
599 273
458 249
336 315
418 321
196 546
316 117
65 645
293 730
473 468
327 556
304 462
416 579
75 33
479 607
662 213
162 312
538 618
12 277
478 257
550 397
301 376
736 686
470 602
449 494
693 788
520 756
426 532
514 121
552 444
131 100
141 288
768 156
290 720
297 507
300 379
327 531
331 776
254 610
98 97
77 336
259 373
371 79
785 792
7 485
634 587
648 93
563 170
675 804
721 17
128 311
677 579
526 427
122 750
476 497
311 556
9 575
613 4
260 603
306 698
780 274
426 78
553 606
40 551
339 205
551 668
759 393
800 285
178 533
736 439
147 437
322 381
55 16
750 304
209 487
528 781
571 492
481 785
759 233
309 542
543 685
132 131
309 673
734 31
31 190
15 805
244 785
75 563
800 641
792 460
238 80
577 556
206 284
697 690
780 199
696 37
42 460
71 39
795 304
127 272
19 297
746 57
513 160
708 181
27 258
512 172
511 512
510 536
714 297
570 50
631 307
615 431
752 767
29 754
709 270
133 309
68 259
405 652
801 702
525 704
591 113
499 594
505 94
318 256
125 574
420 615
447 475
468 647
416 42
307 727
726 302
253 68
293 483
588 501
486 68
420 425
7 463
802 41
314 584
119 616
519 13
87 696
216 547
36 603
762 734
83 460
343 783
270 533
609 807
200 369
9 190
70 753
374 554
75 13
445 252
720 328
266 176
190 806
713 700
454 160
645 622
566 744
526 410
77 242
411 422
720 101
283 365
26 371
31 639
149 56
661 430
84 730
699 555
57 382
356 135
313 415
132 547
672 398
511 238
646 710
209 542
328 586
507 298
649 734
779 555
622 782
352 136
752 749
298 512
25 157
248 16
409 766
243 278
163 160
751 192
394 147
488 202
497 761
639 214
429 119
221 783
802 684
313 468
9 373
165 150
770 148
714 388
258 31
704 482
578 81
371 383
157 444
552 248
711 576
72 10
525 440
543 553
616 161
524 26
67 705
44 264
559 479
718 76
124 687
617 299
575 408
5 629
591 18
734 350
680 401
168 164
275 213
42 767
296 718
321 280
34 806
257 252
234 330
6 459
372 194
375 701
677 466
639 550
624 450
605 289
163 274
194 441
322 226
120 129
708 223
472 498
279 36
131 111
191 349
597 373
530 473
266 336
418 114
552 219
259 379
282 760
243 642
638 266
647 110
284 667
500 133
759 160
151 518
736 151
99 472
725 372
295 353
462 306
643 244
664 15
108 413
102 89
723 585
271 712
738 748
58 785
22 750
437 562
262 432
318 685
713 314
203 455
658 259
68 232
445 414
112 365
270 409
76 192
305 385
206 237
380 444
715 96
533 114
586 309
478 222
368 377
271 504
712 400
761 297
653 125
449 24
584 440
341 26
357 363
505 370
804 527
765 757
395 374
329 733
326 494
16 789
521 387
674 578
781 670
781 130
584 251
539 769
410 793
455 507
752 80
755 527
191 357
495 478
393 746
792 687
740 144
196 599
483 137
699 452
619 123
805 187
571 40
521 486
785 81
376 223
196 637
780 117
701 520
789 187
3 151
797 308
763 89
661 450
172 83
314 162
256 241
19 591
450 429
213 255
182 135
645 187
499 466
799 606
254 7
683 754
107 784
304 357
804 115
398 599
139 246
254 691
152 698
266 281
346 98
256 715
674 342
416 656
33 375
607 179
410 587
215 390
307 161
104 389
224 162
65 500
658 490
704 673
364 514
392 547
144 413
136 263
748 635
681 781
549 614
618 336
287 134
417 420
454 670
529 757
254 447
643 467
437 176
252 781
252 44
457 774
366 617
669 667
636 37
183 243
766 239
67 707
728 647
358 454
319 275
433 193
76 344
498 595
140 222
284 269
147 599
385 416
364 611
205 343
327 180
405 121
703 294
786 622
452 614
90 346
494 307
633 211
378 451
784 407
102 190
623 646
283 209
17 662
262 173
303 713
40 561
415 169
509 68
513 437
714 436
256 808
787 60
469 539
553 802
170 570
734 317
784 146
130 727
131 146
120 216
244 763
69 23
789 145
236 649
641 692
8 690
689 338
731 641
85 26
753 668
267 383
713 470
448 530
487 659
30 458
322 771
722 689
363 366
201 543
529 430
313 140
280 626
367 91
511 375
647 157
47 184
719 350
717 378
437 381
610 321
24 612
550 611
328 225
521 606
719 615
457 100
297 735
787 416
613 154
658 309
263 713
521 332
489 698
301 495
442 629
551 199
311 499
488 321
121 792
235 86
313 410
591 8
95 482
308 591
286 726
104 506
250 308
344 393
349 576
332 148
486 487
5 453
263 648
104 509
105 278
504 591
560 92
242 551
734 668
420 32
178 639
634 68
97 252
342 668
486 785
49 369
293 420
329 644
659 582
397 99
451 704
445 105
604 503
651 35
443 208
282 615
299 762
247 192
799 151
779 526
586 800
500 4
311 679
105 602
221 700
353 707
726 589
150 45
184 604
164 530
170 6
46 551
158 616
427 509
457 42
243 44
616 719
578 153
308 392
785 173
162 389
203 66
445 582
105 525
408 61
392 215
459 511
164 4
157 682
686 173
609 146
491 65
776 242
71 621
85 145
708 553
582 624
700 760
45 801
424 432
775 463
410 674
443 792
600 21
259 212
628 702
156 739
292 378
365 604
133 495
152 524
124 282
698 269
15 689
351 353
531 8
185 317
598 700
780 58
207 254
120 716
256 82
740 315
488 446
624 731
756 204
18 553
265 479
763 105
726 95
582 261
693 339
336 294
117 508
139 683
552 108
257 240
767 238
181 625
79 367
39 371
374 434
430 750
2 79
35 135
729 296
300 136
472 661
567 135
653 737
263 654
360 344
572 752
435 208
257 187
782 152
489 393
305 649
53 105
382 145
80 277
171 27
692 435
73 607
681 792
660 164
598 192
508 499
721 527
127 60
647 494
495 226
375 675
560 414
216 283
753 634
558 231
431 650
50 730
601 77
45 787
308 517
59 228
674 425
674 612
415 87
418 647
415 636
561 744
657 338
62 133
656 518
570 221
651 789
293 594
17 449
233 412
167 121
230 724
250 254
729 654
121 33
750 341
113 407
701 697
601 3
168 37
99 186
360 494
250 358
536 116
450 405
453 391
560 315
569 12
738 138
34 54
375 782
250 331
762 260
53 6
497 336
780 28
184 693
108 757
122 539
741 325
230 636
47 30
586 149
609 292
669 725
539 752
526 181
37 623
513 582
573 429
344 531
718 686
250 112
350 217
199 541
122 787
144 721
774 626
532 24
317 798
720 200
268 454
540 611
531 5
571 743
216 664
405 683
482 738
150 127
105 184
80 77
252 787
678 760
414 182
108 335
589 514
373 501
132 402
417 539
578 171
751 191
539 262
311 777
5 750
559 203
190 17
726 610
347 715
666 362
120 163
49 112
796 680
312 330
135 788
712 334
347 533
272 792
195 790
546 530
758 511
42 461
469 55
208 546
444 776
238 443
276 649
49 44
344 310
452 63
196 577
37 707
693 14
19 361
540 305
469 123
49 746
477 771
23 456
537 281
350 520
661 645
780 607
471 117
214 487
238 489
535 365
195 315
334 534
710 292
493 653
493 668
281 436
679 539
442 636
19 283
668 355
630 403
743 716
275 674
53 298
157 451
545 682
59 31
688 787
354 718
185 54
284 18
509 316
16 541
113 412
754 645
155 211
504 420
502 391
3 806
783 233
366 67
542 644
341 359
442 702
728 746
651 294
730 18
93 113
143 600
356 230
582 148
222 756
647 193
198 789
489 252
138 146
450 37
209 277
236 629
20 732
109 200
488 476
93 5
580 381
417 674
749 791
731 430
37 786
349 85
537 173
558 623
372 75
251 69
666 389
484 767
692 477
533 99
42 104
548 599
611 300
488 176
181 353
553 328
247 49
694 624
551 473
61 694
614 436
74 155
184 258
592 143
645 666
449 672
276 113
589 309
545 770
99 569
599 144
753 329
86 77
424 140
326 373
27 94
2 363
51 530
773 557
238 76
83 364
519 11
501 337
651 633
65 495
581 546
231 674
319 353
682 95
638 460
281 624
617 211
4 659
800 52
749 757
645 462
260 23
723 473
379 772
460 43
17 218
459 596
385 1
580 775
319 71
261 48
425 492
761 408
196 804
699 3
121 679
198 514
418 49
356 66
352 739
138 16
47 15
378 505
688 338
378 31
553 571
310 694
379 143
569 435
611 779
630 101
292 144
553 104
532 743
220 190
376 481
127 440
583 566
435 629
291 356
346 477
128 572
338 375
802 295
340 142
30 131
530 600
632 336
540 357
13 549
165 14
71 645
108 350
73 196
780 106
632 747
394 515
120 171
278 117
227 3
212 381
653 652
153 286
564 309
465 256
45 451
713 777
576 108
685 604
766 650
556 400
433 442
204 714
735 757
400 333
255 511
256 55
483 657
380 740
186 705
452 274
427 527
468 148
284 131
128 179
769 675
774 21
468 709
369 710
408 53
468 251
711 558
605 416
451 368
52 34
659 373
622 344
183 245
747 571
534 358
197 534
170 731
302 439
222 550
405 14
200 568
352 149
428 615
550 287
243 338
73 733
310 18
231 383
794 234
676 134
709 193
313 803
388 545
314 495
591 92
221 60
525 703
338 387
694 13
152 372
692 53
655 419
273 606
55 489
576 518
34 67
84 699
104 102
446 504
142 103
65 639
259 207
618 261
136 461
236 622
531 646
697 221
183 476
795 673
128 435
690 776
331 630
118 590
457 202
195 498
46 239
664 783
170 801
768 348
585 570
668 420
278 631
88 647
731 117
348 253
416 658
55 6
700 674
377 379
563 34
607 247
402 73
198 329
206 674
610 230
167 55
763 86
750 662
