1000 9891
153 915
533 507
256 356
759 727
392 265
360 157
358 952
169 953
698 952
80 12
781 866
530 418
756 906
599 364
843 774
610 519
458 488
956 639
901 170
328 423
133 304
118 278
49 829
393 387
213 2
964 718
476 724
791 687
796 7
970 286
26 406
388 273
504 900
468 39
394 910
288 389
904 847
579 719
754 814
250 219
966 253
948 408
273 352
992 536
505 399
128 712
940 623
832 96
11 645
49 330
644 663
663 405
22 7
558 181
904 572
425 455
31 223
667 975
10 454
126 42
36 310
917 395
224 62
188 601
779 358
138 354
266 831
374 820
659 828
508 510
606 611
257 80
794 594
281 346
693 613
915 535
746 533
944 98
483 569
825 774
348 437
495 454
233 517
251 674
750 328
293 905
241 328
370 44
632 359
232 21
52 288
158 643
716 767
272 928
242 114
26 903
997 602
251 896
845 310
87 413
551 143
367 990
209 404
798 659
860 685
717 884
129 715
557 651
66 166
13 621
307 176
487 360
143 478
790 815
701 448
385 914
522 757
778 603
526 789
855 603
363 377
715 236
478 656
57 522
886 887
613 517
193 218
566 645
145 95
457 349
899 882
740 664
10 983
106 572
930 848
557 824
165 313
835 821
567 718
415 365
644 853
144 332
444 147
317 923
410 111
263 941
876 238
435 464
623 931
554 614
974 615
225 36
300 946
687 326
516 700
602 874
679 802
695 52
387 738
742 338
780 123
432 457
948 769
914 753
644 538
847 61
478 688
962 985
966 677
126 70
128 865
680 334
292 956
138 262
141 657
971 922
861 258
639 602
702 798
258 623
137 582
673 628
730 591
175 982
289 771
133 658
951 300
649 245
788 402
310 810
538 761
651 201
837 587
217 594
437 93
720 343
811 160
401 516
20 995
261 16
781 857
618 717
769 6
134 433
618 604
359 898
198 516
532 364
660 793
790 856
631 146
298 403
796 425
156 8
912 694
255 654
184 321
882 808
494 681
868 363
762 754
339 543
726 921
668 2
686 445
711 92
307 426
199 904
535 722
151 229
923 116
304 740
247 924
303 926
893 314
14 295
566 784
53 707
248 449
37 515
982 576
841 428
288 572
93 167
40 77
187 302
369 647
745 776
763 595
948 711
951 288
596 283
936 7
956 218
560 659
705 478
615 887
337 946
505 304
127 937
721 926
576 429
719 703
546 717
176 368
490 183
280 982
996 765
281 240
335 813
762 507
908 443
162 309
14 286
254 183
326 608
275 526
223 972
337 185
300 75
270 791
56 671
642 890
20 826
827 442
167 693
868 518
650 337
65 629
449 944
86 591
33 689
859 845
720 533
183 399
955 350
738 834
812 61
924 647
686 482
640 246
401 710
897 217
459 456
497 797
449 722
242 43
224 546
138 894
86 920
73 771
773 344
646 222
316 661
479 187
206 609
617 350
32 324
124 186
860 742
811 426
869 368
997 395
798 692
892 183
215 578
42 244
631 218
943 334
356 404
584 591
913 367
472 169
610 979
778 531
302 429
764 360
910 44
472 88
201 574
218 580
655 819
778 994
800 150
31 678
115 559
232 812
154 287
835 892
305 729
767 377
244 922
460 751
601 479
719 278
790 275
138 800
395 825
32 605
452 830
895 106
19 841
439 464
758 822
706 917
49 446
747 35
932 119
573 355
851 1
515 88
513 408
475 277
442 86
371 164
387 587
63 570
464 345
249 576
234 148
806 918
400 718
537 387
315 317
561 5
766 78
589 495
145 798
887 252
337 54
931 356
202 808
258 966
685 813
264 535
599 811
327 548
129 851
441 97
993 668
885 870
854 735
960 814
850 654
744 149
364 799
191 154
690 807
346 977
929 959
904 421
692 268
124 222
843 680
130 821
259 669
740 48
823 229
229 565
146 43
535 967
762 699
639 659
363 412
611 434
66 869
388 4
722 920
778 902
908 985
191 687
585 700
748 152
198 249
810 503
714 331
429 971
415 648
679 731
742 657
876 139
14 654
163 368
641 358
19 371
106 778
18 580
6 633
797 896
864 289
112 518
560 882
914 797
892 372
613 712
757 331
353 669
45 191
764 697
927 33
676 999
864 15
353 526
177 344
888 244
543 486
621 770
712 34
901 994
938 892
542 170
48 346
266 481
642 840
436 785
113 644
758 643
884 407
578 582
321 471
17 958
470 240
255 890
52 773
665 654
427 207
229 887
461 70
56 147
420 668
739 950
223 361
207 884
833 429
480 819
119 136
229 984
213 451
604 564
436 166
809 580
972 48
429 594
83 811
13 620
783 120
847 821
365 298
22 629
208 619
317 71
230 1000
925 648
710 422
730 480
913 192
934 222
353 275
28 269
502 252
500 550
260 968
524 557
248 422
246 241
818 974
322 641
253 683
203 904
644 854
115 694
575 958
947 319
552 205
127 39
734 213
319 887
685 399
434 809
910 932
715 696
644 628
171 934
136 931
671 861
88 412
14 900
475 300
40 287
962 982
396 623
638 147
509 69
951 18
230 225
177 491
451 212
949 637
185 992
775 977
814 649
673 523
985 777
984 884
894 475
73 699
3 704
208 350
923 197
345 539
410 48
537 149
849 219
870 307
881 714
74 861
898 881
584 374
17 555
274 154
441 891
596 809
743 906
724 498
599 166
288 2
200 718
836 247
220 785
591 546
886 950
709 354
209 512
172 652
636 169
146 115
167 395
668 236
127 391
18 953
272 107
174 716
821 555
610 814
169 76
260 797
652 527
363 130
970 166
974 678
39 947
614 761
214 926
877 405
933 387
990 204
921 459
207 162
729 422
417 804
438 914
130 67
519 991
477 184
371 429
135 982
179 562
183 913
318 887
746 882
802 544
898 207
741 573
633 156
157 604
358 455
491 782
70 459
348 169
225 402
154 926
107 594
399 432
515 507
846 546
119 671
998 134
86 588
592 577
632 194
871 541
910 983
587 838
807 373
590 127
669 372
542 226
781 922
854 688
671 282
929 239
436 165
533 485
687 515
441 949
827 162
377 823
99 286
191 246
303 392
983 378
366 360
959 253
359 929
397 708
143 480
330 697
807 953
611 264
96 971
958 63
173 797
264 7
892 295
610 976
652 717
986 991
236 210
274 698
701 376
95 153
632 971
852 772
139 883
363 209
630 177
809 495
696 471
662 764
41 230
350 376
153 988
250 308
468 227
596 231
429 136
321 519
549 151
736 482
430 786
551 423
625 706
221 151
160 414
715 977
332 699
918 150
560 926
813 452
162 342
806 919
272 506
158 948
497 589
595 244
49 232
287 818
500 743
319 365
215 76
141 809
381 164
96 316
285 446
930 53
889 959
800 941
532 257
205 199
808 996
347 282
281 271
718 241
160 807
915 185
328 637
171 217
105 621
553 961
915 38
772 890
312 977
114 485
557 995
99 395
449 72
303 285
568 130
587 686
414 670
85 828
186 857
151 985
562 992
959 870
643 609
716 153
899 907
666 898
39 644
615 540
117 676
610 806
195 830
443 628
852 792
583 88
342 590
97 777
64 254
69 355
292 454
28 456
710 244
509 493
92 699
753 599
704 61
758 224
170 905
528 363
547 473
101 34
317 599
67 636
46 925
510 120
202 649
240 588
684 757
187 55
315 122
101 389
598 827
965 236
785 638
572 834
847 200
301 212
159 202
733 241
332 558
295 442
595 144
410 636
293 853
366 885
354 837
334 215
979 670
67 440
569 670
972 621
370 969
150 741
390 180
968 813
347 201
721 48
42 649
320 891
63 29
263 463
360 108
142 676
713 552
683 384
150 967
394 413
290 730
627 351
350 986
26 820
812 699
741 235
301 652
930 426
398 108
95 930
939 312
587 330
222 291
4 114
995 225
706 116
377 698
543 859
178 957
948 169
899 999
921 803
463 940
890 376
856 264
126 686
678 65
202 134
559 198
915 98
731 969
571 668
753 785
448 185
356 786
314 684
424 178
283 745
168 183
903 603
524 780
266 620
698 619
859 223
899 304
997 541
456 449
865 123
495 800
616 979
305 172
54 993
989 218
186 153
149 19
576 353
405 409
250 800
841 835
537 122
427 561
405 234
465 55
450 389
828 405
920 157
690 505
119 555
198 958
803 360
202 865
972 8
724 750
85 600
985 554
492 558
38 614
180 1
404 276
261 141
122 735
907 663
235 38
881 346
437 460
963 908
488 300
142 819
307 884
772 686
591 668
502 797
378 295
89 168
201 167
274 42
910 498
501 475
611 186
579 861
658 324
218 511
346 680
679 350
792 514
367 722
762 996
860 885
535 639
493 892
1000 564
130 655
230 612
446 545
909 439
123 660
349 170
97 817
565 253
245 105
249 110
356 822
386 71
232 983
763 597
865 165
923 261
157 823
362 991
486 62
453 335
148 403
524 22
874 223
158 812
361 416
629 855
906 850
620 638
736 3
547 69
427 842
689 435
102 840
358 294
875 584
750 548
988 873
16 907
202 818
205 81
730 720
823 857
280 199
910 12
906 771
11 361
288 299
385 218
163 562
251 688
774 348
850 680
946 939
177 978
940 108
627 358
422 444
540 631
997 312
289 300
878 21
402 968
389 222
631 984
365 207
591 993
575 428
193 102
707 878
203 758
17 304
400 440
60 498
631 69
687 855
51 241
397 421
770 641
478 16
51 124
502 138
783 337
36 714
641 773
948 391
3 16
4 511
944 876
80 653
724 430
27 950
92 720
199 652
396 944
120 793
887 547
46 1
175 487
857 756
435 522
187 445
867 527
989 623
72 238
505 722
822 529
126 590
285 535
598 370
244 41
944 687
637 558
880 529
426 689
327 883
533 836
166 469
323 984
897 25
591 355
353 593
708 461
157 321
341 676
766 223
849 900
918 608
155 800
402 763
461 348
307 522
270 386
695 487
242 77
134 349
63 73
66 447
855 253
33 46
752 642
968 991
678 670
54 388
898 822
994 579
405 742
507 192
215 755
754 67
772 358
423 966
190 983
739 354
928 172
990 702
593 336
521 51
389 835
56 259
195 524
605 797
911 962
200 918
900 81
334 813
80 444
100 951
84 284
605 654
145 112
364 124
471 824
644 253
445 952
899 431
434 78
821 610
994 118
117 453
390 813
728 150
50 446
911 529
771 482
60 107
98 402
649 514
802 507
248 507
391 397
374 335
966 400
271 322
878 847
335 80
788 982
335 228
845 692
240 589
372 122
768 569
434 613
736 237
720 802
607 698
367 321
745 369
246 652
653 446
824 768
93 849
524 474
820 756
529 513
141 763
820 667
706 814
682 644
440 359
43 322
63 143
559 778
29 133
837 104
823 641
350 697
613 253
670 12
449 664
858 244
125 819
843 616
137 491
673 169
88 631
911 147
513 832
385 757
138 903
820 223
417 552
574 970
706 194
891 66
786 170
75 433
792 551
423 635
854 165
973 553
632 917
744 847
545 802
280 818
640 538
18 994
916 959
123 651
810 877
456 518
164 351
221 282
460 674
296 576
778 779
283 379
503 732
87 925
629 318
900 762
4 439
192 743
121 15
499 646
631 625
176 739
429 207
782 621
288 753
399 779
19 295
483 922
64 360
174 221
274 847
803 391
278 783
210 81
28 866
71 828
707 536
572 716
949 576
923 868
871 874
379 552
907 884
717 320
989 507
332 930
869 133
507 332
924 95
966 981
996 280
963 81
432 999
760 121
238 447
989 442
741 44
542 23
270 378
237 253
293 571
424 934
80 56
411 672
748 655
693 58
977 843
830 509
777 247
136 201
262 633
159 291
930 463
15 83
960 566
152 627
504 483
678 896
695 866
312 490
592 193
846 762
649 158
576 14
856 374
964 769
677 328
914 106
53 558
627 969
80 388
958 355
961 13
155 114
692 139
913 162
329 427
40 786
500 388
752 229
166 417
82 461
260 942
326 48
305 771
896 874
491 216
862 505
993 382
994 145
118 793
856 178
434 888
823 502
134 982
623 960
917 637
240 695
700 836
595 271
499 354
151 309
887 975
213 748
288 797
953 841
606 909
771 216
45 995
440 995
292 844
390 305
672 994
520 209
106 582
408 240
766 81
327 799
383 995
806 843
595 824
355 575
963 188
927 793
885 655
962 508
604 809
163 565
111 203
168 925
836 340
507 438
437 303
958 195
311 676
904 283
212 592
322 144
985 336
7 909
709 110
564 156
30 592
995 56
941 618
52 863
145 139
434 893
546 772
44 927
355 294
783 336
862 389
688 285
714 882
40 157
810 417
942 354
925 912
31 961
791 75
494 953
23 189
887 546
814 232
965 980
240 723
386 219
762 312
504 40
527 738
333 762
917 258
644 590
766 403
399 752
625 849
166 905
280 872
119 863
889 804
763 743
525 334
951 337
833 417
438 9
3 636
662 940
462 387
727 397
15 561
591 354
295 353
443 466
396 996
237 530
20 530
354 814
615 425
746 296
146 610
968 588
523 160
142 718
159 532
792 191
658 226
150 825
122 532
391 577
712 374
853 949
241 130
70 443
276 903
86 42
464 263
587 723
345 584
61 744
906 493
577 646
731 336
308 391
173 103
61 857
728 458
673 351
624 683
145 230
825 388
420 936
937 322
667 377
5 370
568 161
566 701
877 313
657 999
114 935
796 801
819 64
956 959
541 531
265 776
253 629
714 249
562 289
199 627
596 5
77 422
765 387
313 557
321 23
444 489
303 550
913 694
770 89
129 327
884 943
463 300
174 305
766 399
907 161
391 80
718 349
893 905
965 268
418 65
661 3
93 705
349 631
499 150
745 146
581 828
642 976
347 90
521 513
115 422
868 680
280 145
190 436
591 612
494 735
983 154
137 409
226 73
661 342
48 699
56 150
935 40
47 984
278 445
983 316
604 567
644 398
830 81
100 886
714 758
623 378
825 311
40 537
307 440
95 61
955 948
5 453
166 625
888 670
374 31
468 976
30 827
304 765
117 311
887 343
467 280
748 255
621 135
434 115
880 15
379 397
204 585
813 565
795 86
409 407
27 960
815 27
861 809
292 484
829 203
27 881
598 35
586 448
843 499
25 336
361 680
550 766
221 172
757 10
335 164
192 350
966 270
580 388
232 554
562 372
732 207
733 162
718 270
956 391
283 855
654 842
931 195
823 81
25 855
777 681
444 834
530 915
31 354
879 366
368 824
475 124
681 825
371 959
229 37
547 896
255 105
213 91
703 781
461 146
337 908
120 492
375 844
177 603
362 617
310 985
422 263
587 174
99 662
501 790
872 406
618 678
945 606
406 400
360 217
894 922
436 22
331 89
593 270
632 724
299 647
359 527
108 269
548 664
644 241
631 99
356 579
731 521
678 16
985 689
294 777
813 887
812 846
905 372
66 936
909 292
339 12
446 551
529 465
912 487
531 383
516 233
654 379
52 521
754 735
477 4
667 252
704 113
107 11
992 947
455 973
116 363
482 621
447 973
239 623
918 30
900 573
797 839
118 568
709 395
712 673
667 907
505 534
913 527
698 879
936 952
813 359
419 467
537 84
42 922
370 319
797 538
154 524
323 911
327 943
497 896
993 539
423 408
975 671
163 427
55 717
367 207
544 918
621 43
586 163
716 684
404 839
665 987
504 390
565 945
454 720
94 635
20 378
792 211
367 941
172 589
289 452
42 97
872 144
835 292
704 314
809 641
740 495
902 906
65 177
602 456
105 656
566 551
458 320
22 577
78 893
852 912
365 495
425 938
228 629
482 205
193 134
69 507
288 382
182 778
329 326
572 390
39 303
539 247
558 593
9 564
140 282
467 48
970 725
408 177
97 851
101 827
727 987
28 487
691 161
947 203
497 697
18 717
679 640
168 226
520 791
316 426
634 413
446 829
396 466
905 812
465 515
162 627
469 885
400 804
554 717
888 399
446 728
432 405
196 438
1 160
500 972
102 8
249 580
177 423
875 776
949 513
346 502
132 877
2 50
287 831
806 997
399 401
491 656
607 870
43 459
907 98
600 720
921 818
589 380
238 282
168 860
45 394
447 10
15 726
362 542
589 205
534 694
43 233
392 447
254 659
129 960
756 753
631 487
209 274
366 408
441 839
170 143
120 308
511 522
911 679
313 381
381 248
544 271
964 676
381 854
661 644
759 130
653 564
946 574
450 849
551 341
305 543
964 858
179 2
145 118
273 57
751 626
312 673
575 672
282 825
835 719
984 147
105 942
832 327
84 252
622 628
738 113
789 935
804 356
112 348
667 164
773 648
979 246
528 366
16 18
715 656
809 347
638 488
801 943
890 78
2 972
594 882
262 410
11 870
175 162
185 607
892 656
409 352
393 554
926 732
909 530
272 473
464 789
845 916
992 456
974 200
870 41
138 510
985 817
758 20
390 75
632 142
614 34
284 571
803 369
900 269
372 568
30 66
932 954
807 318
371 704
492 596
882 204
42 263
725 514
858 101
755 279
756 580
578 356
940 387
523 235
392 185
156 178
68 582
489 943
159 512
912 847
89 194
143 293
716 41
526 798
674 533
895 517
643 606
365 294
667 324
237 251
87 697
31 853
225 908
762 957
28 265
981 157
808 317
212 930
151 77
687 111
523 966
16 336
640 826
329 239
404 283
981 511
287 290
851 855
843 498
149 717
49 361
812 736
884 797
98 662
337 438
896 605
942 57
292 810
629 207
757 442
405 21
427 581
796 714
339 273
379 716
713 60
714 335
127 662
220 20
186 164
376 778
899 423
551 661
509 50
898 265
665 50
775 973
392 650
798 888
181 272
392 971
405 856
635 733
500 730
337 574
658 621
501 868
245 778
564 582
346 115
312 319
423 213
183 10
659 911
871 731
844 832
381 587
850 594
651 655
947 532
985 713
103 898
217 887
933 617
312 29
819 735
425 258
959 197
941 826
964 621
968 616
679 202
118 288
501 472
18 34
367 735
703 337
227 104
834 128
446 714
998 919
142 195
551 285
610 955
938 866
687 813
501 250
598 216
212 387
139 409
539 46
587 73
805 402
941 16
942 725
766 953
468 100
804 734
828 196
316 16
615 652
709 711
891 684
486 832
503 674
658 775
36 951
199 677
277 427
919 108
126 314
572 176
645 684
297 566
335 10
591 959
842 218
390 676
249 830
124 958
104 595
315 423
145 762
873 369
767 789
969 166
733 133
419 325
650 715
153 433
546 424
159 143
604 5
110 330
964 872
357 403
246 284
609 746
943 488
846 233
389 424
446 688
215 906
289 411
739 532
404 299
461 262
392 275
768 222
494 182
226 528
6 306
66 937
360 822
627 235
113 930
284 39
765 698
490 796
481 567
930 576
18 6
626 499
535 559
972 203
477 675
702 36
429 704
467 501
764 357
32 150
986 987
950 822
208 288
635 496
467 354
662 513
776 132
460 661
292 682
127 133
809 92
224 492
62 560
121 84
249 15
670 947
395 943
698 716
748 220
888 690
689 903
905 706
818 101
819 260
13 453
128 657
588 639
554 571
334 259
212 31
219 577
794 125
249 730
872 273
862 644
96 99
149 999
379 756
287 937
738 513
280 921
10 270
771 613
655 707
685 702
292 727
719 712
868 694
225 668
465 141
195 36
489 263
624 33
642 637
866 969
538 570
480 974
76 600
9 185
617 172
618 767
466 640
901 498
630 75
873 971
103 970
916 721
280 363
294 229
333 577
377 561
341 86
514 936
700 899
792 462
646 473
728 460
1000 337
29 505
657 944
435 62
454 878
479 748
166 178
204 833
776 66
354 178
464 542
87 660
956 58
558 515
423 694
808 945
322 519
749 364
277 513
79 661
995 820
923 51
624 26
363 78
112 206
511 222
204 694
939 813
46 696
304 560
451 675
527 546
54 588
438 943
31 806
315 819
631 622
409 219
628 239
748 458
72 955
956 159
317 595
625 738
935 819
936 851
719 104
794 448
893 790
555 757
607 820
93 192
522 502
137 556
154 978
693 623
152 47
650 274
101 244
395 373
556 104
849 242
379 62
500 122
381 309
539 935
975 883
355 710
588 138
943 952
751 108
534 962
208 36
303 479
30 381
950 690
403 429
897 609
998 888
829 660
189 309
622 981
887 816
612 235
320 315
480 486
716 9
787 241
769 782
98 224
139 814
269 223
543 247
455 308
757 980
792 712
667 500
999 955
450 596
952 910
147 620
294 717
883 325
781 213
583 201
913 997
770 870
308 985
936 386
727 898
995 233
624 149
73 145
164 56
189 162
20 848
120 852
121 253
233 475
451 556
101 256
571 495
555 930
873 319
595 485
979 2
72 806
720 882
112 551
130 154
166 836
67 749
909 932
249 434
832 671
234 233
200 89
864 32
404 67
868 616
854 975
2 765
77 279
113 633
681 831
612 533
538 848
873 71
450 304
767 551
759 631
280 239
854 681
964 313
52 403
197 662
129 926
539 899
223 426
560 486
706 732
603 24
716 281
916 427
830 273
457 433
2 691
470 384
146 330
561 669
485 589
199 211
91 970
165 335
477 557
938 65
42 26
617 390
891 99
543 938
918 934
635 102
247 983
891 976
640 586
860 941
455 395
353 449
960 727
27 128
636 900
235 805
877 366
263 279
895 798
87 973
455 681
611 175
904 781
724 406
193 474
120 338
532 797
296 113
577 380
579 755
690 181
525 923
265 838
841 295
254 332
550 649
577 749
246 67
197 20
509 258
236 574
75 760
832 989
500 123
713 78
933 32
24 741
81 916
499 389
234 186
951 77
662 128
96 227
408 243
653 451
441 365
704 549
957 845
333 24
669 478
851 423
640 204
34 87
897 211
94 863
472 12
4 611
224 585
216 713
587 970
180 300
417 54
237 845
591 606
738 958
405 605
725 584
854 292
802 451
911 167
548 675
553 863
807 86
99 261
246 596
986 23
678 705
872 146
191 322
29 355
621 265
878 392
848 171
80 325
796 395
878 379
829 333
216 180
143 653
576 596
423 653
762 899
249 300
786 403
236 94
933 64
990 115
772 194
352 547
773 663
26 300
317 251
527 856
195 333
300 594
947 205
439 463
89 757
398 535
709 331
191 996
605 362
733 341
879 255
6 663
512 776
196 289
88 426
241 904
992 192
941 249
102 191
207 870
267 470
876 466
612 888
38 846
414 410
396 641
954 247
441 280
45 230
600 547
987 357
298 43
861 324
257 510
59 822
171 272
137 640
909 833
516 944
245 848
252 204
100 488
797 286
928 595
787 280
699 996
830 350
78 483
775 331
760 613
804 830
268 818
285 844
677 602
702 231
649 505
213 410
89 228
915 410
934 458
592 253
834 86
47 807
375 378
464 718
844 419
421 126
833 150
597 245
134 669
657 832
182 201
382 541
868 440
283 482
130 371
227 641
943 63
69 366
362 504
606 159
329 241
535 385
738 15
612 550
631 760
154 492
743 482
107 68
953 932
127 9
532 981
666 323
795 365
559 508
73 69
861 228
310 362
296 804
44 450
151 382
628 256
625 115
482 642
303 188
93 828
560 959
379 659
769 133
129 102
257 425
846 405
868 629
741 705
509 925
682 753
613 530
854 531
984 781
401 759
57 373
628 196
719 687
812 3
315 573
869 254
232 141
214 301
397 835
270 499
570 666
38 639
522 184
206 641
924 628
542 63
854 765
431 548
803 593
695 455
242 109
617 143
892 23
360 224
603 172
34 865
623 161
848 85
227 144
8 373
765 752
180 58
398 113
181 879
221 850
259 685
578 405
571 821
63 335
414 767
660 755
420 632
332 348
283 160
375 350
982 482
881 253
417 231
442 771
773 845
338 688
190 721
853 127
179 96
87 699
772 11
488 130
706 275
763 366
502 246
532 651
369 515
80 698
9 969
537 912
791 31
95 498
64 78
528 317
274 937
810 759
339 53
529 165
255 437
274 824
527 857
755 746
992 136
667 622
326 106
845 296
766 430
896 462
59 912
921 45
371 98
210 220
379 703
140 759
315 379
478 981
797 563
410 605
33 686
164 631
517 660
258 537
544 798
375 984
603 381
566 99
368 906
720 447
591 468
669 362
792 915
428 472
379 266
52 412
290 281
620 10
777 793
781 961
394 299
533 316
57 115
440 101
901 440
78 475
393 145
620 909
820 776
5 4
782 324
198 639
332 497
851 951
982 415
390 31
922 916
694 515
111 105
482 437
947 933
762 215
915 323
517 411
264 335
588 992
936 321
648 469
960 327
598 329
87 972
473 968
112 184
610 155
460 706
64 59
852 204
448 154
471 739
359 460
843 259
459 570
832 48
870 984
796 923
378 710
736 476
844 943
645 682
225 89
387 694
305 993
978 351
419 105
538 241
885 166
317 666
358 110
816 664
385 58
573 457
576 467
903 344
337 289
564 992
995 256
840 328
34 259
624 495
614 412
519 264
409 861
497 564
578 887
776 915
484 795
391 810
929 391
896 200
221 893
521 717
149 276
498 470
171 324
466 379
367 200
521 181
925 228
393 979
927 938
841 557
825 944
132 456
495 372
480 915
660 579
111 324
422 433
775 503
134 261
82 970
800 737
563 696
414 533
476 938
111 437
578 426
706 151
919 601
445 210
947 784
912 843
223 926
363 326
553 282
866 307
903 986
540 48
9 680
467 356
29 268
13 144
587 119
843 193
300 700
635 355
191 769
218 865
537 991
442 541
969 191
939 707
907 785
468 233
624 79
862 473
700 428
222 824
743 334
191 999
639 137
107 488
328 491
951 285
704 70
541 813
585 197
131 665
685 354
193 880
68 356
72 895
533 990
606 764
555 890
521 958
116 104
461 998
58 417
392 757
279 727
312 465
161 621
955 258
498 363
409 682
258 518
845 207
132 654
59 678
632 228
689 291
124 384
56 928
818 748
521 634
152 499
523 164
318 288
780 717
530 760
697 153
227 973
419 703
313 160
869 443
194 229
982 138
68 734
199 372
492 386
939 69
243 592
834 949
782 397
424 90
147 398
350 883
976 462
333 639
100 862
119 82
356 288
35 921
472 797
548 934
471 977
588 217
191 502
749 72
730 512
127 500
40 944
592 141
5 382
450 735
490 528
401 1
229 54
540 20
942 672
209 876
818 850
911 751
499 215
469 579
295 927
957 494
881 591
283 259
946 65
272 753
165 71
435 508
329 65
19 765
712 542
831 799
801 940
755 895
239 416
168 511
386 298
710 795
630 935
179 737
909 83
287 911
533 867
935 531
37 852
431 848
177 337
573 61
471 83
516 774
668 829
745 150
286 92
823 879
682 641
300 296
998 467
656 528
270 496
56 956
827 625
249 25
851 719
247 738
364 522
327 662
411 731
39 161
347 493
419 808
441 864
544 703
891 232
802 379
518 359
12 834
247 253
817 862
730 201
640 753
678 921
795 927
647 918
961 395
857 202
530 160
70 745
987 849
87 698
19 458
402 446
939 621
429 919
446 527
250 148
836 330
164 324
37 210
26 357
501 5
107 146
325 215
308 987
292 480
455 596
900 743
597 859
763 591
891 626
197 429
902 880
382 875
933 377
221 55
136 987
16 113
392 249
453 196
127 957
658 969
340 714
605 194
810 790
266 840
174 337
934 666
126 78
646 543
923 714
194 22
593 541
20 639
613 425
964 5
784 419
197 626
699 208
497 920
663 629
703 696
975 647
778 193
817 710
158 103
587 851
459 55
774 157
592 109
391 743
786 711
324 666
822 137
401 611
916 454
630 966
582 777
652 870
898 840
997 580
764 15
782 474
584 381
582 920
587 526
164 853
811 70
761 887
652 962
869 324
146 475
646 276
949 737
731 668
860 824
19 264
99 86
306 977
448 334
726 913
144 599
255 347
271 486
256 837
424 487
658 96
773 89
591 966
879 655
857 960
434 19
218 650
738 69
645 503
919 248
356 828
451 748
676 275
967 268
291 887
808 171
504 684
810 601
593 863
376 365
654 494
527 612
309 839
412 487
239 762
130 90
520 974
794 245
796 523
102 262
230 459
233 437
749 997
534 243
59 209
883 818
98 697
444 429
254 497
624 401
386 274
866 358
384 255
718 366
521 786
871 822
999 323
729 875
306 748
897 55
129 173
992 499
375 25
704 551
162 47
223 746
974 438
722 183
119 517
390 231
51 797
253 351
129 847
560 53
635 619
600 790
855 102
712 240
911 304
300 503
203 967
742 924
160 786
108 568
794 695
310 552
459 302
408 102
686 823
303 401
985 298
659 169
844 219
692 423
180 243
420 546
296 464
631 210
317 422
140 613
751 757
421 88
167 420
961 115
929 669
329 505
610 858
99 195
762 897
246 22
377 485
231 454
109 998
387 102
95 291
523 946
283 393
452 512
115 710
900 296
888 582
984 473
69 281
768 976
421 337
719 371
442 397
818 778
245 504
641 569
400 905
644 676
541 812
983 687
88 428
586 151
516 638
224 188
615 992
286 308
111 705
701 535
361 390
111 822
650 746
707 983
193 913
487 595
660 327
167 849
319 362
121 759
765 166
840 67
508 177
111 883
946 976
884 276
794 572
834 609
945 696
103 656
972 727
886 446
167 951
420 36
263 480
157 125
209 278
564 424
51 535
659 340
216 690
437 270
609 981
195 724
159 817
553 970
290 544
844 255
826 606
648 850
591 850
905 69
669 996
105 743
472 798
143 461
990 672
807 858
407 328
924 214
32 70
14 90
970 436
915 269
274 511
972 234
973 575
838 194
530 204
269 184
161 535
81 312
425 906
62 497
320 240
763 324
800 202
250 113
69 475
937 103
757 878
79 662
743 399
429 963
909 505
876 108
478 272
657 397
581 449
377 227
875 172
396 503
219 640
36 970
827 961
130 403
519 911
280 572
836 529
712 543
213 574
126 369
533 543
951 352
956 154
266 962
213 687
925 3
598 818
418 888
221 779
737 158
448 655
603 629
587 556
567 214
492 908
453 402
968 570
650 654
236 51
674 280
852 841
785 657
458 927
129 149
537 16
833 889
408 92
119 604
279 449
380 936
823 878
148 38
29 997
416 470
163 88
113 700
276 834
613 231
628 263
817 482
11 439
952 375
934 194
100 29
393 123
303 256
4 859
373 518
173 956
662 2
949 648
412 32
858 16
821 140
569 99
237 53
755 392
316 964
412 87
596 664
735 347
556 574
94 415
411 105
468 878
179 501
108 437
623 502
535 592
682 484
995 119
133 428
70 889
933 181
38 283
991 387
95 222
883 871
230 706
291 858
719 442
601 287
468 290
349 97
97 8
81 643
382 251
996 883
942 121
488 554
529 820
966 259
854 853
922 237
961 641
157 624
325 298
715 926
148 373
149 28
906 697
851 347
570 923
68 204
665 54
346 436
353 546
671 76
335 630
319 349
600 541
585 335
826 99
370 359
43 279
560 187
524 478
565 646
90 806
435 86
580 69
414 797
837 319
169 734
46 840
87 164
200 536
494 158
797 117
450 64
721 315
977 849
180 563
368 328
61 811
227 31
855 897
184 330
103 527
598 109
798 611
692 226
216 219
970 460
402 272
35 654
511 957
458 11
840 124
625 355
588 881
2 332
511 2
155 150
819 447
476 298
442 502
459 572
140 81
602 932
128 649
74 221
276 208
295 823
477 176
278 963
210 781
853 597
733 970
36 145
737 996
24 633
297 587
34 430
144 306
326 974
685 141
548 155
235 384
128 838
954 222
685 30
888 86
907 236
379 605
180 922
767 998
471 165
441 370
370 312
78 121
560 200
814 685
767 631
806 845
935 683
462 331
375 958
587 894
767 708
521 604
258 874
208 193
85 517
157 9
358 906
621 759
381 619
422 439
734 893
849 102
359 840
413 336
754 86
170 945
259 598
312 238
995 320
479 51
264 928
194 417
288 38
57 879
468 823
87 543
146 79
985 678
576 568
919 456
263 976
17 442
127 419
74 317
334 843
65 470
47 98
632 476
311 425
296 158
93 215
445 291
174 867
891 735
770 954
588 661
805 166
398 284
266 717
66 683
221 461
847 297
649 632
211 75
49 292
933 304
576 19
170 812
230 500
858 901
123 772
590 628
130 174
993 126
117 188
797 806
266 958
488 610
465 439
874 438
421 846
174 173
512 553
91 316
129 31
756 58
100 268
357 209
619 258
25 847
941 297
138 86
232 261
819 885
189 511
898 636
58 129
498 504
778 134
119 488
641 134
751 231
73 964
111 132
958 903
996 222
856 841
954 822
60 873
29 34
468 518
195 326
97 475
997 325
982 251
103 966
859 364
755 704
167 357
995 380
997 470
385 971
324 768
717 983
277 954
350 768
674 522
397 369
326 281
588 68
282 915
190 824
583 963
403 593
671 966
8 191
860 858
588 810
169 396
79 657
100 668
140 315
944 310
107 168
165 856
3 117
421 302
783 980
928 5
896 808
608 610
576 722
736 390
455 912
115 963
847 434
174 200
948 823
533 911
625 742
292 819
990 430
469 901
145 983
737 157
723 478
399 879
833 994
671 902
650 744
642 136
805 716
989 383
408 46
492 796
661 13
534 373
936 516
557 172
817 263
214 433
69 582
742 891
439 657
137 387
608 490
113 780
919 844
288 810
502 670
322 48
716 320
240 393
393 719
641 512
177 876
753 205
717 874
241 49
646 683
735 124
804 882
470 346
881 97
865 868
904 168
498 563
796 462
355 134
639 702
511 779
98 252
190 724
710 415
527 255
493 637
98 111
192 1000
692 223
856 447
341 599
202 17
916 821
369 512
390 854
1 551
39 791
482 976
625 416
809 910
482 579
33 871
624 280
15 800
608 876
718 481
893 837
399 566
382 474
864 437
884 56
918 961
639 353
906 777
524 328
798 379
394 101
661 33
29 981
690 563
358 653
108 816
253 441
695 262
20 14
558 404
99 527
992 884
263 410
157 179
472 667
345 403
510 683
722 499
939 126
742 577
947 539
214 46
566 307
935 202
104 196
412 5
87 389
470 503
517 230
277 897
459 98
811 457
463 618
445 203
330 231
284 79
141 199
325 629
273 986
716 74
350 216
920 639
151 793
6 746
587 511
203 502
169 42
540 47
118 977
981 203
268 682
711 86
921 688
767 335
244 904
762 77
800 880
694 829
535 458
295 929
4 402
560 642
197 399
70 151
491 878
744 164
35 663
922 44
13 269
858 942
111 574
684 550
131 702
426 818
427 535
338 102
932 468
546 562
129 686
140 775
128 839
970 754
263 75
926 281
841 871
759 817
685 942
867 983
500 660
565 616
286 11
542 458
336 504
599 793
622 490
694 55
682 583
593 160
856 878
817 472
836 460
930 153
255 852
418 357
437 391
606 34
996 138
137 475
467 956
375 223
836 339
124 93
933 679
971 508
353 808
497 117
536 799
1000 92
360 827
366 310
731 476
967 806
240 465
332 385
596 854
742 764
123 12
768 497
578 486
627 652
778 694
448 317
565 206
535 554
701 286
612 175
502 19
914 73
683 908
408 970
597 78
155 87
249 304
377 491
675 780
390 301
855 650
861 585
79 700
296 600
653 893
839 150
68 159
701 81
870 616
616 599
73 220
843 288
239 683
396 522
210 863
268 3
469 654
680 281
914 525
476 754
61 468
121 185
799 346
292 792
262 432
581 158
970 647
663 360
465 341
68 246
729 724
580 370
72 241
495 209
386 131
885 473
745 302
145 788
379 595
333 167
137 549
195 154
582 538
586 553
881 943
113 517
475 954
833 780
480 596
155 824
157 202
220 622
848 335
404 357
66 673
900 3
907 92
596 916
595 571
579 94
503 110
602 461
270 309
589 41
756 622
198 555
769 539
717 837
369 223
950 82
218 268
402 540
665 843
649 78
213 548
137 694
673 336
235 707
660 586
113 163
60 430
558 661
623 390
706 408
766 792
939 601
212 378
33 357
776 214
450 589
144 800
329 356
353 382
919 150
135 738
818 800
177 841
53 769
738 11
117 126
463 102
410 30
835 979
286 741
322 802
970 118
737 833
138 15
813 748
649 667
391 282
865 229
477 247
905 882
926 548
818 149
582 186
984 725
966 293
953 650
550 548
111 630
572 996
877 488
723 112
941 217
870 193
193 849
712 767
474 542
935 959
332 720
993 778
97 317
667 585
798 397
391 73
750 906
966 711
92 240
901 908
760 90
228 912
979 824
138 504
103 464
362 858
225 767
862 903
916 31
336 305
629 290
493 389
664 143
9 510
742 888
390 173
48 340
103 694
508 70
509 763
789 793
459 394
42 382
411 559
360 85
234 690
842 949
67 841
424 946
704 958
834 869
156 281
527 314
971 388
497 61
389 141
615 863
548 886
860 672
989 964
208 839
62 38
88 669
130 926
459 982
12 982
243 847
373 644
907 814
216 193
288 222
575 381
766 820
201 764
933 179
772 539
260 803
83 640
839 201
677 190
865 438
157 840
500 479
94 665
343 803
696 408
431 643
317 912
451 642
948 758
127 41
939 925
709 271
692 338
272 142
382 249
917 722
679 983
41 967
150 227
420 854
616 845
508 567
70 330
662 14
832 869
180 785
290 192
382 298
129 70
516 854
59 773
613 470
850 8
34 221
343 69
551 608
771 672
253 440
741 451
988 229
926 533
915 794
251 19
176 404
823 530
609 930
81 265
7 545
726 347
947 538
216 528
622 152
753 287
40 616
540 667
445 857
322 132
35 965
416 65
820 42
790 710
332 380
14 16
91 751
334 877
566 892
311 583
97 991
829 6
614 868
463 597
905 462
489 141
969 643
142 487
2 330
783 973
758 7
781 592
64 63
373 43
853 369
269 928
643 239
207 180
615 795
526 312
931 680
404 226
64 477
541 837
357 584
128 810
297 257
460 396
953 849
619 506
488 520
688 759
145 525
174 614
160 476
999 495
698 335
984 572
34 287
418 958
571 236
558 474
615 223
428 11
73 716
382 326
64 921
963 279
841 759
254 924
149 272
55 475
135 285
945 657
772 966
85 873
787 259
128 388
220 570
332 220
224 573
116 635
778 450
85 500
690 822
485 394
12 782
255 804
72 124
955 678
351 337
455 183
772 651
755 469
833 355
912 894
17 670
695 809
194 598
995 211
374 188
128 147
17 303
271 342
94 303
316 893
722 792
943 448
670 520
970 494
958 263
173 565
550 125
832 370
548 434
164 159
459 589
776 281
169 410
925 872
395 933
325 172
719 964
738 215
745 721
597 784
446 804
50 245
197 98
809 352
136 918
211 58
563 785
68 465
842 248
931 13
317 698
755 678
202 746
955 56
774 540
318 20
462 24
525 326
487 767
951 172
516 671
138 440
121 512
249 574
486 317
455 49
971 863
127 549
977 322
244 327
870 407
138 84
637 504
219 413
509 869
206 831
816 991
724 696
980 802
938 462
976 789
911 586
544 969
275 329
86 832
358 549
626 845
219 289
348 866
82 539
502 688
489 555
551 159
661 427
816 652
928 310
657 648
218 154
898 958
593 318
481 996
321 147
764 417
985 436
472 225
643 730
459 45
128 721
903 513
290 769
19 325
494 545
408 952
840 923
783 271
627 905
540 16
1 440
274 668
956 960
481 416
869 861
874 713
585 570
801 725
933 496
644 869
296 11
157 982
339 943
162 972
182 523
511 341
115 596
23 217
444 370
357 575
1000 106
315 7
353 968
939 961
603 936
754 960
421 927
63 754
227 832
233 259
252 495
275 994
496 815
244 389
337 365
103 322
949 622
661 45
474 654
438 493
828 701
78 4
447 369
240 569
287 792
313 341
884 196
6 176
465 428
447 454
675 163
366 242
152 420
500 636
673 838
51 854
324 674
107 818
698 499
739 709
152 467
119 383
232 1
682 943
384 361
647 351
345 958
268 892
674 219
609 864
229 176
768 156
867 429
113 915
385 716
207 889
155 722
545 110
13 528
90 389
165 369
313 418
332 458
834 4
895 663
622 991
289 409
660 760
682 80
277 988
761 697
317 491
304 918
69 666
87 705
754 382
459 934
904 57
857 127
251 472
269 217
627 869
477 790
667 458
799 729
817 886
748 247
796 624
718 811
113 424
259 108
499 627
502 378
766 535
342 723
737 755
294 917
900 739
23 140
818 84
196 576
932 220
184 860
594 559
761 102
780 408
909 252
178 326
219 542
757 18
6 592
590 263
305 73
362 10
476 22
674 559
483 786
245 735
323 390
177 407
477 651
467 486
448 756
346 425
111 875
522 686
336 655
177 369
286 45
552 643
721 892
152 17
798 136
341 611
158 107
86 523
767 557
612 738
538 717
889 695
945 709
531 636
604 862
312 198
114 238
738 916
940 312
411 522
546 67
902 696
872 45
856 946
319 786
659 708
90 502
555 32
646 377
515 670
47 900
131 441
668 368
517 117
887 493
764 344
866 296
815 225
801 435
14 384
383 227
934 241
919 135
887 307
88 7
895 772
936 469
131 117
494 827
616 637
451 14
952 543
889 68
383 342
704 127
249 854
712 602
909 224
707 705
58 295
900 884
278 800
104 569
525 289
698 887
182 140
681 611
738 628
686 268
570 46
247 546
837 352
489 498
348 339
979 755
976 923
724 677
836 447
858 403
534 674
523 191
733 611
357 493
547 821
731 48
534 541
822 151
172 950
926 219
68 743
15 408
371 558
83 478
345 143
458 406
129 670
666 285
811 422
254 304
706 144
924 863
467 668
708 550
450 978
624 553
791 553
460 351
99 489
299 731
636 192
19 296
826 664
973 535
230 988
273 85
221 695
316 435
752 666
292 326
274 697
903 870
207 373
634 195
304 395
467 216
876 4
365 521
315 813
830 941
410 56
247 741
875 196
783 633
92 682
808 139
921 329
995 767
779 570
467 54
828 453
22 116
837 864
120 894
845 646
115 921
97 422
6 536
98 601
135 188
609 67
992 181
811 651
791 401
764 681
853 840
286 331
159 219
861 301
202 634
810 642
29 763
206 947
819 969
987 379
881 988
923 460
923 807
817 280
485 122
551 555
475 956
228 220
889 766
29 797
345 600
962 473
928 617
690 840
638 658
604 774
971 525
642 743
916 506
288 888
298 945
462 580
564 232
947 548
18 304
220 910
665 559
51 392
569 75
716 430
71 301
920 667
743 967
872 244
530 294
658 371
696 66
694 605
495 695
972 151
611 337
425 236
743 852
134 516
52 917
145 221
532 415
22 613
114 762
9 894
930 750
515 676
916 941
579 557
160 365
307 139
697 570
628 842
38 322
994 12
37 138
314 513
558 996
154 502
749 501
93 227
424 365
666 333
740 862
415 402
809 323
461 720
667 813
231 548
28 737
802 524
819 662
966 81
24 692
666 111
463 311
309 761
470 721
805 632
93 822
794 459
888 34
923 741
980 498
818 501
983 941
567 210
757 597
678 176
10 301
319 293
840 20
695 142
820 432
427 908
240 984
50 685
968 184
806 648
41 345
10 15
102 665
638 831
162 194
114 203
9 333
532 127
823 520
220 995
423 190
704 944
483 147
450 120
464 922
773 132
522 518
816 681
998 641
178 590
768 827
345 199
74 527
610 589
139 886
797 143
981 978
622 988
548 967
863 402
95 36
776 933
249 396
781 411
566 743
889 540
908 968
478 71
291 563
959 540
525 598
397 483
435 144
94 119
499 965
740 653
689 661
248 579
984 119
197 374
89 277
367 110
187 672
848 550
888 531
979 444
248 434
175 323
639 366
62 755
374 57
178 500
841 268
400 70
18 525
516 284
866 841
188 189
11 732
582 21
73 107
575 570
221 163
115 928
979 11
514 156
418 809
861 115
455 774
313 873
814 955
891 753
789 135
537 470
556 406
684 355
701 603
764 721
230 157
140 749
683 284
936 596
703 598
225 499
903 16
318 560
599 641
641 33
471 114
498 428
464 228
542 867
559 835
360 405
587 854
642 909
368 896
685 873
968 803
841 571
510 686
229 782
871 723
267 545
273 556
570 842
129 512
480 892
778 447
337 677
268 865
622 158
833 389
670 368
217 1000
713 979
74 547
203 705
937 487
967 199
899 959
630 391
291 333
412 922
982 256
216 223
386 649
709 941
748 837
321 538
681 132
995 996
923 299
786 942
93 265
350 392
98 481
687 11
11 538
336 816
141 147
985 744
22 254
23 147
46 240
953 998
779 622
466 415
267 338
50 211
629 12
851 112
676 77
642 45
259 537
310 455
58 292
920 439
393 537
193 799
776 778
392 735
267 723
274 806
215 207
83 39
456 198
475 34
977 356
461 75
776 921
390 73
893 72
684 101
522 280
371 866
391 689
251 648
731 130
898 519
849 51
43 132
760 882
63 201
980 895
964 260
103 760
698 424
111 221
78 398
776 771
337 880
634 137
67 155
955 428
983 409
17 626
252 325
4 995
111 322
367 948
575 243
501 610
797 85
985 301
930 374
750 111
553 977
597 504
707 344
859 437
570 576
991 144
631 169
429 679
963 627
431 425
271 336
863 490
422 228
687 856
421 251
454 149
274 295
820 302
682 331
459 766
819 110
255 88
709 872
633 224
939 825
692 919
714 203
265 875
976 280
141 684
589 815
754 986
738 311
137 862
72 869
514 68
571 157
978 121
543 211
763 985
672 859
870 945
471 212
383 568
439 890
644 162
724 996
484 321
447 351
249 572
733 786
55 266
157 428
232 265
216 910
612 341
825 756
93 612
497 859
872 313
628 20
711 800
493 303
440 453
99 584
680 753
47 744
30 510
638 659
189 583
906 177
816 182
268 858
893 319
640 461
623 138
551 153
536 142
663 562
902 845
523 440
13 746
195 731
371 968
416 917
76 78
132 200
962 107
265 489
472 227
645 118
226 814
882 86
278 464
260 187
783 265
472 1
382 516
256 770
209 783
9 718
340 730
38 323
802 207
539 170
207 328
961 892
567 760
269 917
416 744
447 814
516 313
444 1
154 102
874 489
582 46
842 139
438 854
184 817
224 238
500 11
690 455
656 59
140 996
163 93
516 607
516 208
338 45
230 103
483 438
234 106
77 400
6 916
524 209
46 373
499 588
56 757
788 686
628 45
332 546
918 825
634 17
923 661
251 594
370 941
826 72
314 164
73 539
538 759
336 451
724 734
964 205
548 524
415 330
186 717
403 835
800 577
690 877
877 685
660 53
204 473
226 609
815 651
835 201
907 756
485 448
894 612
460 130
174 2
502 781
251 15
233 520
15 64
753 193
916 765
96 784
425 190
924 128
82 799
845 50
288 98
459 971
647 908
320 307
837 271
260 514
316 807
122 242
303 27
52 793
805 485
226 20
580 955
840 776
199 811
165 919
791 935
499 629
559 405
191 839
191 443
240 823
884 576
245 10
823 487
983 198
240 646
168 163
913 499
433 1
283 637
432 455
289 578
417 629
608 864
699 411
560 317
281 230
282 329
384 617
395 90
917 433
342 135
489 20
8 788
775 964
82 413
500 700
447 407
820 723
582 470
604 58
57 297
997 965
595 918
172 829
764 807
33 385
949 147
327 739
129 918
489 916
646 93
262 842
214 179
472 526
532 28
399 103
132 354
25 726
564 365
660 952
844 173
592 926
176 811
325 736
96 828
61 806
62 193
65 163
356 486
947 829
492 230
89 786
497 312
796 46
412 295
881 64
240 328
683 932
939 574
451 948
161 978
880 470
143 550
368 186
956 795
387 112
282 838
448 98
856 415
965 707
583 20
198 50
75 773
658 892
566 925
95 33
477 26
23 146
283 705
85 80
801 780
914 859
831 972
463 456
140 989
418 731
606 888
111 570
383 289
991 934
651 427
799 243
417 529
514 97
609 37
992 171
334 122
163 991
440 639
707 592
102 26
64 618
162 327
277 814
974 252
634 579
789 11
812 897
62 352
194 583
124 260
440 699
681 771
441 230
993 529
985 993
358 685
366 168
777 847
635 609
172 801
603 463
523 789
974 346
704 842
30 274
674 293
351 807
152 700
464 382
816 739
873 982
782 440
103 985
967 900
580 133
436 252
57 769
39 433
833 352
669 26
265 460
229 515
658 269
42 230
80 317
807 597
450 835
17 300
236 176
613 766
669 828
399 299
252 586
705 72
454 37
536 670
277 756
297 238
467 218
50 398
568 303
183 750
165 943
939 824
905 632
925 869
359 489
70 100
254 257
974 574
925 790
361 733
503 782
568 525
54 744
145 716
398 654
315 252
499 331
207 58
814 22
83 8
709 452
975 1
922 191
827 571
719 12
277 25
618 145
447 713
121 520
769 34
827 468
801 757
595 880
758 716
101 199
285 256
343 14
591 484
246 895
251 300
301 534
117 114
811 841
209 255
963 18
541 528
713 575
475 860
719 565
449 313
985 671
806 479
932 878
206 664
5 52
445 813
427 366
185 85
184 41
835 40
920 669
192 628
774 15
47 958
70 629
307 165
34 567
952 721
451 649
494 437
597 268
688 728
907 774
450 679
515 537
333 858
9 892
491 888
929 691
507 939
588 976
737 522
535 699
334 936
62 507
744 750
679 893
1 685
572 444
865 430
739 469
523 980
560 743
71 603
876 106
568 715
737 724
645 457
39 878
832 192
118 860
124 793
550 721
32 631
988 370
71 558
900 690
348 977
685 302
758 876
207 30
942 103
339 142
679 956
421 924
941 213
139 702
827 18
521 963
406 185
461 816
456 176
183 295
665 92
719 913
996 522
940 722
177 330
38 661
844 214
431 372
3 722
595 780
462 277
384 566
51 810
33 267
915 917
733 998
256 22
828 926
935 799
525 986
988 724
517 602
313 84
81 400
354 592
523 316
17 936
471 319
845 462
494 132
649 291
498 251
542 438
545 498
472 930
824 311
950 651
43 788
916 271
706 167
194 115
584 727
995 159
905 107
962 76
944 414
986 838
526 228
640 615
5 347
563 762
565 435
734 282
383 200
369 938
540 179
306 93
22 642
882 616
921 584
39 957
387 420
527 920
36 901
607 206
274 526
629 258
667 237
434 840
608 515
593 665
847 492
249 959
435 850
275 805
917 734
461 754
63 642
979 13
458 331
858 838
50 779
859 547
128 961
936 824
130 147
519 655
956 299
595 93
499 432
409 984
942 242
84 734
567 131
93 792
115 192
390 464
263 98
727 473
638 236
524 140
586 907
42 961
223 162
538 822
25 153
962 714
15 626
609 505
685 982
140 645
372 503
607 786
360 407
377 742
608 173
807 327
590 109
593 191
774 148
880 352
742 792
154 721
730 880
538 635
447 197
160 781
694 846
590 271
21 528
318 114
981 658
355 654
444 400
622 156
327 256
534 854
812 652
670 374
764 117
769 583
337 581
90 279
421 173
61 918
365 414
877 212
511 810
156 829
910 210
952 964
994 67
795 158
872 948
697 624
115 755
991 370
524 711
926 823
545 548
126 465
587 161
630 65
637 827
953 996
236 672
607 435
420 431
426 940
301 476
322 921
732 896
7 270
529 778
269 527
367 284
866 589
889 788
769 509
927 94
430 994
568 831
435 840
534 468
167 725
258 723
577 951
101 337
747 483
150 604
558 329
216 948
381 146
393 842
159 407
396 843
733 558
390 248
935 310
773 407
497 782
595 949
214 365
864 914
206 705
869 399
108 922
548 724
131 920
588 376
754 80
99 413
299 335
797 196
319 640
268 918
34 528
436 364
521 477
71 507
761 645
812 519
528 292
579 788
563 443
364 479
564 96
602 479
643 627
465 537
943 460
856 350
948 374
967 58
878 755
496 413
499 782
597 73
339 697
212 425
867 460
642 682
148 913
739 440
406 473
300 692
707 272
984 49
639 339
919 21
207 231
979 374
945 442
35 398
257 920
166 584
760 391
79 985
905 712
140 115
468 352
808 29
407 711
512 769
277 183
762 320
336 556
200 11
76 678
681 604
721 671
8 862
63 952
341 710
440 745
37 777
98 809
634 983
91 464
608 230
937 976
385 425
594 457
959 323
638 774
881 563
25 627
418 797
781 944
4 735
298 956
206 733
467 863
648 970
939 189
791 348
851 793
441 701
109 16
368 406
62 158
781 628
673 363
715 240
952 158
402 195
220 43
848 799
69 563
913 213
41 18
903 822
62 504
959 586
448 60
50 288
490 683
312 539
460 691
227 43
706 695
230 729
66 534
819 76
644 865
298 452
600 441
135 622
905 667
620 866
514 405
18 548
828 117
611 895
542 621
158 548
468 388
287 192
799 956
476 159
538 142
131 876
975 119
558 197
248 230
162 682
573 408
244 18
500 900
567 190
399 728
442 125
181 400
241 653
654 800
559 571
48 107
656 362
959 971
732 29
864 965
879 350
772 868
718 216
189 790
358 667
480 300
881 590
953 329
76 540
850 835
65 665
82 729
373 809
484 69
157 386
670 121
485 53
880 744
440 82
820 829
324 588
493 51
55 812
902 815
980 662
215 682
185 371
320 390
561 760
268 606
397 318
34 600
697 264
757 979
350 230
706 70
122 129
912 713
254 919
235 674
587 457
975 694
772 109
994 461
541 312
959 537
607 43
312 584
648 34
478 213
359 338
473 905
904 795
446 902
340 397
657 69
258 331
274 527
826 555
103 116
377 128
231 229
982 935
197 405
913 876
254 350
805 854
40 464
206 413
689 965
961 632
853 698
359 129
609 174
572 22
206 268
797 887
67 582
269 746
791 357
98 540
962 809
814 958
139 194
582 298
988 117
936 968
983 946
106 386
989 349
862 981
577 859
140 639
492 894
642 793
869 136
944 209
216 840
124 337
967 751
949 864
237 974
110 292
242 932
816 942
786 575
750 372
950 330
717 85
220 595
114 857
17 907
988 655
533 323
203 928
412 595
595 758
959 121
962 143
874 936
218 175
688 387
629 651
5 993
834 100
402 248
22 689
222 571
89 84
861 718
643 423
943 408
108 39
408 867
463 775
725 208
605 634
421 287
577 473
191 869
452 791
239 669
115 611
611 806
955 687
260 546
799 385
760 475
875 109
273 425
75 613
41 917
315 210
795 300
814 248
372 779
219 638
951 417
757 498
558 253
266 901
470 685
179 688
474 544
145 512
404 779
353 869
559 669
907 148
945 89
797 59
183 249
41 704
110 789
873 271
693 572
965 295
604 105
693 980
628 103
295 368
940 107
717 169
128 123
576 899
348 478
78 243
473 479
27 99
621 955
864 804
730 43
722 318
25 918
100 189
189 544
993 396
108 560
15 484
553 837
863 672
940 431
142 793
968 544
398 391
562 157
241 98
411 785
597 389
869 352
434 491
161 289
949 312
153 255
754 160
520 376
647 577
47 789
782 216
316 890
622 778
658 188
382 638
37 1
386 795
973 885
813 992
830 966
961 149
396 224
990 8
224 487
649 528
120 696
706 707
376 290
396 119
897 574
700 421
991 742
649 609
178 443
75 513
921 289
942 73
448 925
177 241
966 307
217 83
3 333
405 481
483 961
410 329
323 680
15 870
958 42
3 474
22 362
315 476
485 828
281 220
874 37
68 252
254 195
96 237
3 619
617 861
836 249
340 1000
767 899
788 260
604 935
689 457
113 325
414 55
346 284
368 892
172 880
46 937
512 509
161 129
803 302
405 245
119 406
526 722
963 20
911 284
9 642
826 260
384 799
369 503
117 881
46 761
194 250
493 111
930 294
678 648
220 906
630 689
631 360
461 432
618 629
251 100
33 169
525 27
649 487
321 843
329 675
536 943
956 520
648 809
578 54
714 994
677 418
574 165
637 394
970 271
623 587
518 557
118 1
669 655
62 409
196 843
127 221
724 353
782 411
175 171
523 657
342 712
880 111
258 165
740 971
524 648
462 338
734 233
885 67
444 271
999 255
233 484
819 365
287 195
348 979
113 713
361 328
178 302
805 915
510 107
59 17
461 861
707 669
282 368
546 517
893 698
932 490
609 99
332 718
782 892
850 143
845 179
85 898
466 132
286 171
974 643
718 174
499 244
617 825
212 93
233 32
698 481
840 670
863 804
834 554
102 770
103 607
386 373
569 687
590 23
920 63
480 630
416 494
589 147
806 543
455 587
566 191
489 633
741 139
544 601
36 936
657 734
566 302
324 589
959 213
412 56
565 110
927 651
459 127
99 468
464 727
122 799
291 816
694 573
352 808
369 695
316 947
377 331
892 382
80 358
677 326
695 925
368 2
139 859
321 924
514 677
515 644
826 975
169 64
23 421
310 591
917 905
368 224
313 865
978 617
134 913
984 490
123 630
777 874
787 585
771 460
884 579
574 387
448 807
527 523
879 840
625 601
623 946
258 56
701 772
597 723
343 543
783 802
711 529
480 103
634 328
559 333
215 449
162 719
399 654
885 377
244 119
373 405
953 537
182 165
220 488
2 855
708 341
391 939
489 25
822 501
416 338
326 644
257 387
719 887
730 604
694 179
533 255
628 179
439 556
498 424
850 917
851 404
870 336
928 695
394 255
567 464
630 940
538 726
155 998
690 957
995 329
177 598
679 41
594 289
850 695
70 926
513 781
989 768
21 542
131 761
321 316
694 767
381 560
990 582
392 951
86 111
325 749
941 878
735 278
38 194
167 298
460 304
578 463
762 656
946 619
375 391
804 925
400 689
271 376
700 606
717 920
80 483
97 675
731 516
631 999
835 738
201 642
202 173
361 893
9 523
127 149
644 939
738 90
576 865
234 991
338 428
121 68
841 323
148 733
539 4
7 491
838 112
788 813
36 10
442 353
171 869
889 56
766 278
396 434
720 954
500 78
374 931
767 811
421 850
542 534
615 68
784 218
270 885
275 545
899 995
873 270
448 719
863 769
37 787
850 998
867 988
392 594
963 285
727 364
927 894
90 915
436 699
370 131
842 47
171 446
618 493
391 685
124 374
821 264
803 309
707 145
526 759
963 59
121 828
589 493
254 608
536 7
355 779
259 678
871 755
177 963
180 422
275 74
359 832
413 296
507 53
734 916
971 322
223 145
754 479
639 793
89 149
270 66
551 471
151 965
868 169
190 949
304 964
213 124
431 806
660 701
403 716
61 952
924 122
711 162
1 981
23 380
26 384
423 646
1 839
361 791
268 325
948 487
491 404
257 764
350 473
118 85
544 188
728 137
107 196
701 250
130 277
666 707
259 171
649 535
945 440
456 731
553 179
884 699
22 158
61 380
11 651
268 58
822 625
553 220
737 943
3 319
406 168
724 147
653 169
658 513
755 575
745 501
887 854
429 410
675 478
89 781
144 222
210 11
837 446
977 18
628 469
98 524
559 86
872 543
500 832
103 421
694 200
92 154
440 747
827 489
920 181
452 511
794 658
671 200
55 695
183 711
794 517
464 160
85 688
656 558
4 544
402 746
42 141
332 879
974 266
651 997
907 383
485 327
208 52
657 753
158 326
324 618
642 659
347 411
20 291
114 386
959 176
906 268
602 159
802 365
40 668
312 993
864 670
95 958
5 66
613 829
834 58
119 36
887 602
622 965
493 879
829 757
77 624
960 588
905 221
527 114
549 662
364 988
203 38
222 454
226 925
299 587
752 381
715 67
880 17
607 70
867 237
814 484
338 485
415 379
832 920
125 896
97 138
854 434
889 7
410 136
303 583
93 111
40 389
993 33
687 301
376 29
606 823
240 636
536 232
909 948
107 748
733 80
71 841
263 123
33 558
327 836
736 107
399 624
258 665
558 276
858 562
294 205
440 647
750 124
462 280
251 711
12 543
134 14
172 853
597 594
368 1000
129 910
846 813
388 909
688 187
802 431
821 497
556 898
392 896
657 733
845 348
376 111
941 969
925 452
75 465
226 863
281 902
825 321
240 367
190 845
412 479
327 204
455 411
187 985
593 574
226 929
961 50
249 256
639 567
930 531
682 380
494 694
978 983
123 664
411 129
238 699
938 661
28 397
2 272
97 150
14 789
776 471
156 617
804 397
37 314
741 854
406 225
248 868
607 489
707 747
248 4
555 815
385 43
719 80
831 650
594 735
136 803
546 550
752 605
422 885
300 81
375 655
690 713
702 780
525 537
935 702
349 941
389 278
928 712
967 745
659 584
881 616
789 674
997 520
480 531
246 954
48 375
826 330
849 91
885 813
484 970
30 314
604 971
313 230
478 945
575 218
388 240
858 74
194 777
521 154
705 725
282 654
337 553
156 235
786 878
271 202
113 2
701 385
960 517
583 861
416 951
524 270
702 747
934 9
882 854
919 447
80 484
133 358
922 645
378 9
820 416
677 377
597 178
800 156
678 157
330 999
59 666
778 847
800 267
408 872
88 13
948 435
175 211
36 853
779 811
460 757
245 121
986 669
737 785
107 915
22 243
499 706
80 800
304 500
32 579
533 83
75 615
828 63
866 870
297 545
83 112
211 39
31 240
213 765
914 688
348 916
115 899
34 423
966 356
474 977
1 342
591 121
654 641
841 926
1 199
58 400
594 190
261 541
797 635
745 314
701 206
250 852
162 434
840 661
2 317
171 288
614 20
104 733
280 351
401 795
662 510
920 201
389 266
4 467
926 35
584 86
656 707
694 15
992 560
498 92
595 950
506 563
281 536
453 772
97 156
96 527
122 515
79 996
15 486
293 704
967 896
713 865
604 770
682 240
816 630
491 161
94 391
807 159
893 358
264 56
325 593
108 359
1 955
143 352
806 224
163 281
84 264
412 263
57 592
857 749
692 894
506 201
827 721
934 791
922 711
559 142
896 982
762 105
357 691
503 661
822 967
680 956
615 820
54 748
850 391
766 307
396 343
571 291
55 242
509 376
732 790
344 719
254 118
457 976
556 452
206 589
885 304
851 128
896 385
200 14
309 756
125 616
519 353
779 508
631 327
305 373
474 292
93 718
668 812
651 6
229 30
384 600
81 31
579 296
360 466
802 25
125 846
366 681
441 119
212 822
484 51
945 519
512 110
52 88
808 981
347 365
111 252
850 636
924 923
928 478
960 988
582 847
569 476
553 935
646 168
61 648
190 116
122 918
982 240
358 830
697 384
346 862
954 529
255 551
536 945
976 328
282 617
346 624
535 582
38 410
959 998
321 950
359 730
215 973
344 81
454 234
893 113
131 149
833 19
616 413
238 973
108 105
435 299
97 792
278 311
299 872
283 367
175 181
639 368
169 260
852 15
809 308
447 761
559 384
329 617
965 953
527 678
609 135
383 276
184 822
205 628
758 864
324 116
562 134
620 912
513 458
330 108
79 333
653 430
883 239
441 320
885 389
318 542
69 843
766 152
197 899
834 552
712 84
919 256
560 24
707 219
870 261
109 854
547 866
788 120
275 423
349 874
104 51
414 597
566 189
289 199
329 914
935 72
651 657
875 661
384 620
630 659
209 505
318 37
930 443
414 600
995 131
703 210
784 610
753 85
22 680
260 245
191 543
791 732
321 914
620 274
787 921
490 635
252 910
625 236
493 434
437 812
101 908
886 245
726 866
165 914
499 632
300 639
9 638
411 318
456 645
330 162
258 135
134 58
351 520
141 17
106 973
9 569
258 54
667 158
282 432
853 583
123 854
793 804
172 359
894 156
715 571
905 999
470 759
586 804
442 28
171 694
978 58
463 388
194 717
750 942
399 430
721 740
641 233
6 772
723 370
884 436
870 455
543 39
341 763
909 697
91 492
682 729
663 910
341 620
362 713
513 921
501 886
392 406
444 951
798 2
301 602
450 180
531 645
627 492
792 87
977 173
704 867
377 809
85 472
621 758
532 25
783 626
845 494
393 992
742 638
512 197
604 635
5 8
742 713
365 671
961 965
238 792
504 642
102 535
640 680
455 489
611 367
762 769
230 811
122 160
503 509
308 765
181 617
221 684
834 261
853 39
981 210
602 281
420 870
847 569
443 719
192 973
781 155
362 405
252 634
108 177
205 896
473 980
739 273
923 246
671 636
528 646
205 986
499 709
101 665
763 612
392 205
988 391
457 217
519 969
150 20
615 864
747 40
88 475
453 173
770 97
93 86
40 350
93 16
11 847
653 276
604 326
126 130
867 736
708 292
653 357
654 816
914 851
510 61
150 481
332 567
413 881
146 844
861 371
975 767
372 416
998 651
160 720
287 729
471 44
54 252
57 328
115 510
134 68
506 961
142 595
487 774
437 29
664 207
336 384
794 123
255 863
418 378
293 638
518 105
223 509
977 137
122 512
674 171
911 170
372 917
55 992
960 836
320 547
707 433
946 811
873 985
33 130
659 178
143 77
915 28
511 519
21 929
547 534
264 938
726 238
181 683
75 408
331 114
26 748
8 431
887 89
84 410
817 915
89 4
142 62
747 140
699 458
374 39
290 868
95 139
761 491
728 284
947 58
450 638
759 108
129 451
188 430
406 477
448 67
583 247
205 877
653 965
781 16
63 375
197 473
115 390
920 735
277 465
44 572
5 962
891 567
106 773
745 355
197 106
880 804
827 815
295 717
615 900
620 798
400 787
865 65
280 713
867 655
281 48
961 107
562 227
358 6
823 617
714 294
474 515
167 612
519 723
650 526
943 723
864 118
723 445
745 277
662 326
488 778
34 170
966 611
381 193
453 564
220 321
578 943
188 679
751 376
650 499
959 335
870 286
413 119
544 961
251 795
788 212
152 366
225 904
9 171
233 645
418 497
170 126
298 75
891 216
428 698
213 316
341 247
644 410
76 68
705 668
762 615
686 969
865 854
645 112
626 265
517 641
666 912
494 553
776 112
654 113
435 189
330 941
386 843
403 603
283 497
32 831
936 261
754 564
869 837
905 461
505 50
606 136
292 496
844 517
540 270
173 307
67 816
709 641
273 176
127 823
202 453
639 434
831 946
979 135
282 93
328 307
809 324
828 480
131 848
617 627
616 858
351 907
484 254
496 968
758 912
281 12
232 574
949 709
854 813
823 44
314 76
188 613
829 118
102 39
878 983
606 599
129 113
183 743
262 183
655 644
254 845
256 124
2 656
774 274
683 679
915 772
871 966
929 347
470 805
755 89
376 586
711 770
582 654
525 806
34 771
74 73
471 314
384 766
591 741
225 916
389 99
893 477
53 150
475 556
649 439
663 869
411 836
284 462
378 273
682 201
384 540
242 320
812 564
100 83
782 228
960 682
557 776
706 66
635 104
165 191
937 174
645 229
95 178
136 395
601 217
106 665
156 713
761 419
959 618
107 241
934 860
222 194
387 427
61 192
692 934
169 359
157 946
261 992
377 132
801 890
734 200
2 129
420 432
224 273
940 575
540 385
58 975
320 734
230 475
76 949
349 487
137 783
470 645
326 985
684 715
611 637
261 662
906 733
125 305
197 836
568 808
475 174
974 132
442 29
741 647
390 469
564 896
659 876
512 775
346 433
275 631
572 743
3 676
103 657
98 890
500 100
54 17
384 13
383 847
955 326
849 191
375 943
287 629
664 244
603 215
209 478
711 742
216 524
896 7
738 940
834 815
391 616
964 446
920 828
411 691
51 600
488 286
507 42
532 137
184 119
368 756
403 471
416 90
551 44
365 217
901 77
425 156
557 731
282 575
899 399
64 647
929 796
973 619
995 15
243 818
373 879
523 676
726 941
564 56
624 739
825 287
278 402
958 272
175 14
791 848
631 913
31 591
343 873
948 445
383 120
762 83
376 266
382 800
576 147
648 288
705 305
586 20
456 305
109 681
866 868
153 247
814 252
876 333
839 603
198 470
232 698
700 227
59 237
421 974
98 589
946 470
601 413
887 847
600 311
767 181
456 495
300 160
368 493
249 696
716 792
521 798
965 291
125 70
366 848
242 738
689 417
343 96
453 736
898 623
167 822
606 409
964 252
397 813
381 286
95 528
918 29
962 461
525 744
488 491
161 475
207 502
533 355
60 719
497 99
178 702
158 504
894 934
915 31
735 486
350 896
223 146
868 197
248 966
316 244
701 419
999 642
312 585
507 788
728 366
891 906
244 524
382 531
293 2
296 964
354 16
227 258
230 935
565 502
472 475
476 911
409 430
190 613
658 203
108 150
644 906
538 405
524 619
795 494
870 614
146 351
28 503
73 202
75 948
166 589
960 94
27 777
232 187
723 241
465 673
600 356
107 372
872 868
836 967
466 590
361 481
568 881
135 197
533 850
590 797
107 832
392 738
10 305
928 788
487 583
401 884
220 322
573 706
979 663
8 929
138 44
267 896
197 719
708 221
391 547
547 729
684 795
954 829
958 797
742 948
912 949
12 811
975 990
578 272
595 690
247 127
394 615
33 173
825 185
365 16
858 190
95 955
665 928
995 361
632 685
852 742
427 501
437 564
277 975
313 510
799 974
621 112
409 468
696 57
843 954
596 594
562 542
809 911
347 856
140 351
677 128
882 638
135 724
575 213
250 244
213 992
35 448
787 733
681 86
224 391
922 840
5 916
390 930
157 941
328 421
274 951
832 117
425 545
432 323
788 992
664 686
348 943
101 545
948 826
73 448
352 25
560 594
106 24
183 140
186 144
774 497
23 551
372 251
11 999
656 464
751 441
435 903
37 839
189 928
426 530
957 790
746 91
251 619
841 805
290 37
988 908
592 621
156 620
868 714
150 537
462 287
654 921
15 661
428 490
294 455
264 694
670 98
413 459
664 439
5 129
423 182
686 776
693 52
492 475
523 477
686 891
800 806
910 303
644 383
415 238
521 204
360 742
105 719
569 216
912 718
450 645
696 213
562 172
916 986
264 321
965 583
912 605
36 685
628 775
298 142
593 588
942 713
100 724
140 323
155 267
641 802
899 246
335 306
445 352
835 808
50 80
911 583
398 558
679 747
425 652
961 962
862 587
454 257
183 861
594 548
701 768
751 399
297 458
709 501
268 253
328 336
129 969
652 91
874 327
345 947
145 543
841 477
926 292
192 478
945 48
494 62
234 73
896 476
895 316
435 882
576 372
358 350
241 684
202 954
632 75
85 787
379 570
732 510
54 22
595 814
229 84
343 204
99 568
816 912
618 260
108 954
151 881
294 483
21 681
522 78
706 456
765 324
588 451
366 497
648 568
242 131
559 273
834 863
122 605
103 946
968 521
898 972
313 340
460 221
152 726
924 844
66 100
160 225
749 422
342 217
940 620
38 198
14 111
526 202
36 626
950 826
296 287
498 733
299 916
156 827
64 136
390 840
199 772
922 785
28 492
1000 965
253 603
833 858
40 34
149 640
61 727
391 455
874 409
982 964
36 54
315 233
614 463
689 996
176 689
571 280
899 257
619 500
750 878
841 50
624 398
272 371
510 167
276 347
666 175
444 529
853 955
837 454
805 568
510 310
441 269
756 164
563 586
358 378
522 433
650 330
444 887
637 490
547 603
113 534
959 341
949 847
533 384
203 613
475 984
918 730
60 857
422 336
831 252
855 234
640 505
517 813
369 95
498 829
370 65
122 625
708 920
20 506
169 960
743 986
742 747
111 224
655 32
942 433
117 555
613 662
155 258
528 792
708 702
730 146
805 324
316 887
804 587
45 796
429 560
855 558
269 135
865 554
98 187
834 359
619 519
515 33
895 850
936 299
244 576
700 99
527 937
199 744
516 190
920 825
278 153
762 116
140 154
130 384
633 897
762 231
581 353
140 105
469 659
823 292
546 651
374 528
423 53
145 673
128 528
58 337
205 734
116 463
651 734
470 639
206 248
941 123
182 405
570 359
1 32
557 43
707 962
559 557
635 894
989 384
827 493
850 966
45 360
746 247
47 178
413 196
271 730
384 433
594 451
979 519
727 253
268 715
641 146
129 934
921 206
707 113
453 997
609 631
593 10
651 886
659 355
18 297
471 641
420 661
551 590
632 575
925 508
431 375
983 298
877 995
310 688
42 50
705 658
834 54
284 27
899 622
445 8
156 93
123 402
605 874
715 246
386 726
832 394
151 858
961 509
286 935
171 659
734 289
790 631
99 234
959 624
230 576
800 199
448 578
86 484
76 881
35 856
567 752
404 660
583 362
594 577
49 380
927 361
140 13
892 906
842 179
127 911
419 94
454 675
22 41
933 794
602 787
785 465
733 59
310 276
992 251
462 211
836 804
943 512
175 746
845 562
492 897
110 560
229 430
523 16
561 165
319 189
125 254
362 720
881 576
2 513
199 38
821 332
897 276
459 391
375 235
357 300
561 979
540 38
517 980
975 836
946 798
468 558
943 945
1 535
754 3
731 606
632 603
808 722
660 787
644 376
924 152
543 934
838 562
285 978
315 947
971 159
203 105
847 768
369 833
354 247
299 538
502 146
303 178
437 952
479 285
136 397
925 659
620 269
571 819
53 584
330 975
373 939
395 569
378 979
658 129
951 516
336 257
353 151
960 505
45 697
698 268
728 69
490 280
640 779
924 308
610 121
723 842
226 270
457 213
487 117
415 488
110 912
753 615
330 304
124 328
853 580
97 116
225 191
444 415
192 416
374 600
875 933
382 119
810 792
72 165
288 994
418 913
331 400
67 362
697 921
695 116
953 397
625 920
42 916
79 467
48 13
396 975
695 229
437 149
58 218
160 550
768 933
532 891
453 667
459 466
632 298
267 971
87 202
733 628
63 45
453 957
664 404
809 522
705 681
798 948
890 615
872 166
265 808
345 42
915 816
920 732
213 99
450 887
143 264
570 548
240 143
517 123
118 160
601 138
558 837
182 909
933 203
570 663
278 400
575 666
142 323
74 413
790 575
448 310
552 153
435 519
106 522
306 120
14 313
161 859
259 178
687 18
945 407
892 748
72 517
415 319
680 964
130 445
164 794
83 391
763 633
781 122
729 441
3 198
315 232
633 85
709 488
535 111
508 767
969 123
348 912
629 1
97 400
957 522
163 482
559 298
361 267
324 153
435 800
684 681
600 424
894 14
77 336
266 988
116 138
805 93
129 361
926 404
347 103
936 712
205 125
958 517
850 882
780 585
960 995
582 581
941 730
788 51
882 178
423 232
30 282
433 805
96 754
5 216
526 538
86 29
824 246
961 291
673 471
507 185
401 244
700 904
661 638
259 722
441 539
977 569
62 229
544 356
653 574
688 620
765 570
436 282
38 114
277 794
868 293
118 140
853 87
722 926
525 71
28 211
639 459
108 1
53 640
421 428
762 2
892 641
342 678
990 242
157 967
16 393
568 678
788 863
680 928
112 290
370 826
757 190
338 284
598 582
379 968
13 500
295 718
957 701
404 838
653 309
732 786
571 148
378 241
58 449
645 913
903 173
561 478
979 955
660 486
310 43
497 624
405 205
262 206
708 426
858 603
306 642
438 399
888 238
711 906
231 636
254 935
256 2
849 133
890 987
851 595
798 206
30 84
103 646
128 460
592 673
95 630
597 154
780 764
803 677
423 140
775 443
742 938
854 336
678 642
403 498
613 983
781 651
741 819
124 228
507 212
350 866
521 214
951 919
797 161
104 264
874 267
274 94
38 15
547 986
460 373
869 543
342 881
532 417
296 329
114 752
406 658
43 581
84 159
714 818
550 404
610 227
244 933
886 28
173 415
744 613
784 716
87 901
456 621
917 992
662 548
978 526
875 154
437 895
913 889
418 569
240 659
575 769
762 248
973 695
935 277
804 116
309 533
277 212
760 136
828 939
709 49
119 780
327 835
552 259
182 66
185 990
811 638
816 136
157 384
177 322
401 854
116 881
119 594
559 945
929 344
920 5
452 471
648 688
335 646
400 32
980 891
68 771
685 676
159 741
109 314
237 773
608 487
800 713
998 556
158 423
459 228
493 216
248 913
446 482
910 301
18 157
20 435
919 545
833 288
136 80
247 242
104 356
532 470
204 775
702 2
657 899
450 643
677 320
694 887
754 373
172 775
645 604
277 92
491 450
553 323
184 410
940 502
226 45
10 974
118 103
209 953
563 150
71 343
278 215
904 770
835 810
403 854
135 587
780 316
619 236
302 72
729 348
163 258
158 523
692 348
415 120
182 413
311 59
707 750
603 139
465 233
380 542
791 354
395 85
234 183
162 312
239 314
433 92
233 117
551 647
664 985
495 29
244 275
816 180
968 79
128 150
627 210
846 112
93 938
561 192
484 145
245 308
716 548
402 668
792 44
261 343
299 44
696 712
548 553
384 814
560 407
85 484
584 285
125 995
955 662
760 574
962 134
324 943
553 995
184 122
585 82
155 651
742 717
854 11
415 853
731 380
597 533
221 902
611 258
367 632
385 837
501 456
285 949
470 371
398 204
700 596
847 999
596 549
118 161
374 223
691 267
506 79
680 536
477 734
289 398
541 277
179 76
92 67
866 174
169 422
44 822
7 399
325 811
421 280
350 374
903 644
260 922
376 269
875 213
886 967
514 421
166 548
350 257
667 193
1000 854
657 427
205 935
279 396
983 664
433 36
586 245
624 384
343 306
319 385
546 583
504 510
486 178
414 431
475 143
737 208
534 351
77 288
115 147
78 75
196 242
733 949
147 462
789 899
205 124
722 166
251 278
962 601
38 439
217 534
110 203
755 18
375 605
629 757
854 730
161 111
824 409
91 234
453 783
555 347
919 794
667 735
372 753
823 586
594 66
557 538
461 389
353 506
86 18
631 971
333 587
541 38
503 191
415 555
859 399
645 896
378 274
973 443
740 410
839 470
829 348
621 26
566 677
606 374
723 694
839 244
18 790
202 203
22 950
813 985
361 128
821 650
805 53
752 210
374 372
455 525
102 322
728 941
783 755
956 133
480 182
923 500
413 670
552 10
519 702
701 695
614 376
228 643
170 103
875 876
180 814
676 107
241 776
920 413
900 851
23 540
873 323
486 350
180 989
785 533
642 182
326 695
336 691
281 342
998 197
547 111
710 713
742 254
840 114
859 958
631 745
112 243
775 148
689 339
177 519
307 752
259 868
987 18
67 850
954 841
811 832
703 886
307 609
894 743
53 13
717 22
310 916
560 351
122 544
378 406
531 814
790 969
630 648
209 400
805 156
433 996
554 260
972 59
687 544
506 421
683 825
527 120
855 607
144 639
677 427
92 861
80 417
423 723
796 111
763 228
335 637
106 673
711 124
306 381
990 973
766 916
509 517
772 151
701 23
540 155
155 191
452 619
182 660
18 653
862 26
810 625
204 672
429 837
247 706
764 41
35 338
921 405
371 458
616 719
693 953
729 496
732 977
225 145
562 48
232 659
127 798
168 495
166 846
148 525
136 781
361 450
514 62
37 755
442 5
167 181
63 631
390 493
393 607
746 55
840 176
845 742
239 150
756 108
668 926
480 303
746 700
176 40
729 940
362 847
589 444
627 249
519 465
355 538
85 749
211 542
13 527
967 656
141 968
742 716
338 916
793 425
742 964
765 445
472 572
750 467
777 893
835 179
85 432
433 951
492 470
627 309
846 977
631 325
777 206
136 194
265 418
943 608
692 511
270 141
717 796
80 367
479 121
100 866
564 177
810 578
342 803
843 970
57 945
866 425
70 404
612 133
22 438
602 415
5 322
134 878
446 684
715 101
662 620
240 67
470 345
9 528
490 992
88 55
406 540
787 993
883 884
627 798
810 450
151 94
784 809
936 116
98 323
705 297
870 557
978 294
620 188
822 896
14 637
75 625
991 551
595 262
867 493
124 822
947 389
107 416
605 161
534 231
168 316
36 521
44 407
962 910
120 981
174 246
233 346
451 431
713 64
783 856
788 630
770 9
993 176
386 286
978 420
444 520
799 150
250 715
713 209
568 812
461 107
408 944
328 103
177 284
789 253
883 206
59 784
8 798
206 929
614 98
211 589
766 185
487 559
951 742
835 575
394 230
472 762
327 172
368 955
739 668
78 270
321 491
46 305
350 654
974 324
522 77
6 426
29 75
929 69
665 579
333 725
959 97
137 58
498 214
787 464
881 477
934 289
198 326
318 202
854 8
986 176
426 450
455 87
42 8
354 294
601 799
967 184
492 216
75 64
138 694
530 244
491 272
934 146
95 146
499 829
481 282
40 773
616 331
762 965
568 430
956 813
848 622
709 547
984 94
767 381
165 945
562 263
322 716
269 979
167 985
27 801
654 510
72 918
38 528
869 207
280 440
158 612
486 81
951 441
731 825
421 970
512 941
859 518
457 830
673 734
103 297
894 658
272 389
497 586
573 585
22 305
82 484
980 573
452 246
466 982
481 185
819 870
34 242
452 261
738 874
741 409
617 907
29 781
674 450
569 744
290 96
539 960
902 50
996 297
164 923
953 250
347 263
416 156
787 383
399 77
26 983
651 732
437 683
419 912
705 651
134 389
873 621
123 26
565 175
40 566
406 517
657 465
27 336
673 326
165 226
166 133
687 877
155 436
670 629
284 208
857 18
411 396
769 836
984 378
368 65
900 506
28 301
680 644
787 936
383 139
469 446
491 26
553 43
683 664
706 731
211 235
412 594
262 746
918 445
2 210
865 378
595 337
178 435
287 215
862 345
334 278
799 328
196 275
603 760
938 234
537 377
700 131
758 905
862 635
791 421
461 770
615 952
858 694
654 871
289 753
63 463
663 460
949 399
115 131
82 456
306 640
570 469
607 850
373 626
318 759
178 317
357 83
893 97
402 594
129 778
2 568
650 508
859 46
346 151
920 695
419 61
593 279
543 280
752 857
661 333
744 141
322 63
596 881
950 677
242 198
170 123
557 637
786 801
143 428
82 823
811 476
65 240
657 532
458 257
739 144
78 770
725 461
749 55
346 634
455 428
28 130
798 746
910 224
217 207
572 455
592 269
701 165
620 443
112 98
700 355
192 10
799 633
828 159
574 495
528 707
726 570
213 605
665 137
698 767
809 318
611 870
193 513
272 144
914 611
534 216
365 771
335 842
177 21
766 337
88 408
20 709
154 783
652 2
690 333
230 18
289 556
188 942
148 353
993 772
799 66
233 159
505 994
414 484
879 752
884 90
461 951
640 291
231 525
125 10
872 753
449 576
525 639
693 493
840 111
159 449
704 750
673 849
677 953
751 8
238 437
973 62
150 895
835 37
621 524
289 217
823 540
850 602
320 753
124 155
744 120
622 121
968 608
481 531
557 754
445 184
66 143
587 371
593 678
78 798
264 246
490 978
923 776
496 79
403 525
978 831
784 524
895 902
643 451
610 786
421 401
886 207
377 429
966 183
571 677
678 251
883 887
535 326
859 515
829 101
594 476
661 313
509 881
469 630
571 530
425 831
95 492
796 897
677 984
178 488
841 312
589 906
299 786
6 690
26 20
28 682
412 777
107 419
568 975
682 622
233 908
306 106
432 498
384 373
386 287
227 875
174 358
77 425
908 271
515 503
37 871
974 56
392 702
944 123
713 306
881 912
718 832
544 800
634 788
873 52
518 244
306 950
669 376
411 616
299 108
858 162
697 224
94 624
111 306
830 260
544 637
110 181
1000 510
194 429
295 843
40 603
442 979
385 852
263 548
263 847
32 47
86 214
620 191
900 112
223 91
835 605
764 365
503 507
86 321
969 595
416 829
459 881
23 336
406 344
498 729
652 672
389 518
736 452
748 185
360 650
839 18
930 810
606 299
910 714
499 941
545 577
87 990
2 348
187 728
687 31
102 469
212 125
288 581
861 792
199 657
92 330
990 311
3 203
596 74
301 466
892 49
35 250
715 588
330 418
542 655
305 96
125 383
328 223
499 406
465 346
543 227
736 187
621 360
408 198
892 960
746 12
175 796
905 891
220 379
411 884
22 462
888 213
228 862
627 176
385 347
318 881
566 93
971 655
328 667
967 603
919 788
186 648
596 903
462 629
247 481
854 331
930 453
91 797
144 312
454 911
103 978
761 802
445 143
484 715
527 497
431 460
252 383
386 607
777 406
961 465
212 733
622 928
56 321
130 938
227 440
523 711
193 248
502 98
164 431
971 41
493 677
170 728
646 482
908 990
801 618
30 868
643 283
563 208
123 601
966 255
566 592
528 793
594 710
938 596
721 390
545 734
213 952
785 207
352 276
118 847
141 316
406 160
62 774
158 577
433 70
63 778
181 729
755 519
827 146
645 781
923 615
227 850
222 495
883 363
295 553
971 992
186 992
694 337
931 33
491 758
404 167
824 746
564 622
8 983
543 485
980 705
286 86
751 134
475 907
722 136
963 142
936 578
589 248
312 90
891 496
712 285
366 450
450 105
967 972
94 584
60 744
761 845
116 732
137 113
726 157
323 410
899 709
147 936
20 410
540 721
855 739
851 912
194 405
420 631
994 424
184 274
939 482
498 654
601 199
164 451
827 645
934 219
757 972
806 89
744 729
526 49
126 565
919 194
353 143
191 855
412 512
179 823
843 364
292 510
654 260
218 962
813 733
260 739
279 321
838 176
289 355
921 260
6 614
462 164
944 739
775 201
823 181
957 591
68 330
201 367
386 427
851 165
559 604
841 863
73 293
992 477
780 814
536 314
310 165
77 230
890 907
7 255
400 62
488 251
786 702
876 854
674 44
594 419
534 623
696 559
881 725
77 968
171 15
941 543
377 790
673 193
86 894
693 142
43 192
916 419
790 256
966 11
693 63
948 514
683 121
328 395
375 5
468 665
195 675
353 21
682 179
220 790
759 419
215 557
43 644
317 509
735 219
539 356
41 871
305 558
892 486
640 993
951 915
665 669
465 800
822 868
514 557
531 377
805 122
572 347
75 789
683 594
45 693
161 812
326 166
862 500
338 336
857 660
974 637
845 385
514 254
309 994
880 866
935 882
334 335
559 274
118 550
983 614
483 789
559 643
966 643
399 518
116 178
753 271
125 444
19 63
438 475
521 885
519 422
478 968
742 53
393 714
124 756
654 975
372 898
536 278
354 881
956 350
337 49
622 478
676 530
418 254
755 59
997 90
856 866
926 94
768 40
684 766
204 354
224 544
190 213
851 765
817 573
109 283
509 513
388 248
850 575
209 333
363 656
401 371
464 285
929 933
344 323
397 711
105 14
467 639
454 779
420 911
518 310
973 613
208 673
302 431
378 17
382 761
164 436
147 702
754 204
226 93
930 811
496 507
300 715
653 841
156 679
978 110
900 294
848 767
889 485
231 178
362 303
279 280
122 367
642 284
933 267
292 133
738 181
443 19
245 355
213 645
554 707
908 354
141 505
568 859
278 818
146 820
680 260
555 656
37 649
927 208
452 240
266 124
267 781
701 351
60 329
668 887
299 252
211 984
432 987
877 583
966 792
56 919
149 402
816 945
428 431
511 803
489 687
935 440
313 153
141 308
99 846
569 456
897 449
220 952
8 153
26 981
885 954
542 501
29 222
730 125
938 142
811 404
435 151
691 586
673 491
492 175
717 802
117 566
322 362
786 221
418 128
311 666
429 946
981 14
217 241
143 665
551 300
758 336
613 627
65 421
156 788
30 869
969 735
65 342
799 647
880 125
623 799
644 880
114 829
278 146
467 87
399 954
311 350
258 70
685 429
888 711
581 364
490 495
163 479
40 402
478 580
351 734
338 171
945 145
448 919
487 270
14 258
273 84
684 762
885 151
83 133
859 612
608 804
898 184
348 231
547 842
280 895
638 83
552 698
596 374
737 354
686 421
620 729
548 398
733 918
954 997
189 888
931 495
219 385
845 77
403 198
186 314
793 466
632 358
280 315
962 299
1000 138
660 38
592 820
259 903
480 834
501 728
44 635
878 94
271 116
772 719
744 30
636 20
697 392
536 778
534 789
596 890
194 190
890 411
946 601
102 543
87 605
768 429
226 803
27 318
230 795
963 602
63 94
667 334
777 258
118 236
744 843
217 205
329 395
383 216
274 380
451 888
622 203
337 843
532 643
130 351
905 567
799 635
658 809
36 917
936 411
238 208
279 211
935 26
361 532
629 419
940 594
957 364
316 340
174 110
124 813
250 464
576 389
126 359
737 962
990 268
805 921
699 394
392 934
894 251
487 643
755 659
239 601
503 942
375 674
504 313
968 456
879 754
720 665
168 752
758 693
724 525
701 708
102 937
893 252
989 511
759 969
639 61
610 376
198 551
293 989
902 105
336 432
389 330
318 352
233 840
492 563
167 69
993 710
53 110
863 605
556 891
707 481
835 180
251 941
825 110
83 852
941 960
838 932
415 893
318 156
365 238
385 846
649 9
925 332
599 277
866 420
155 449
213 59
341 502
786 37
473 806
476 643
585 741
588 1000
754 448
534 42
740 691
400 150
644 953
329 525
209 974
764 270
782 811
72 750
951 688
623 855
204 711
83 494
803 112
505 320
433 163
179 899
571 389
93 217
554 605
64 449
945 328
196 710
200 869
662 943
866 714
832 966
872 787
62 991
214 806
675 304
641 736
325 375
967 134
257 255
891 990
77 545
110 551
586 812
126 125
201 266
836 148
547 91
894 102
966 531
41 394
797 301
628 22
478 969
893 950
894 497
419 445
883 64
497 909
138 31
394 229
272 713
439 599
29 983
341 997
471 358
977 649
613 9
280 371
501 751
854 301
211 797
12 794
180 468
219 358
759 768
195 807
271 172
75 359
310 706
95 872
192 537
856 560
346 798
494 398
260 66
632 747
433 690
195 559
969 960
363 433
626 505
916 533
27 230
765 773
32 144
36 632
991 64
739 59
795 253
812 821
523 810
713 993
536 371
708 784
173 594
785 80
415 661
821 690
951 615
992 636
59 407
540 222
923 206
249 5
73 215
472 756
528 269
430 157
588 577
300 889
961 593
838 249
714 443
710 373
197 973
899 263
594 917
23 903
488 632
521 950
150 270
340 616
894 51
935 631
168 569
116 151
522 443
403 791
390 59
357 60
175 911
90 921
882 461
575 917
955 379
380 994
772 950
721 986
47 730
